#	Step 		 Temp 		 Press 		 Volume 	  KinEng 	   PotEng 		TotEng 
       0,   66.641607,   215.88792,   3543.4708,   21.255119,  -130.48989,  -109.23477 
     250,    80.80043,   83.476518,   3518.5154,   25.771028,  -133.47088,  -107.69985 
     500,   79.505768,   140.13397,    3572.477,     25.3581,    -130.294,   -104.9359 
     750,   87.156206,   196.53899,   3585.3722,   27.798182,  -129.78007,  -101.98189 
    1000,   81.099119,   280.92533,   3601.6667,   25.866294,  -128.08877,  -102.22248 
    1250,   76.148232,  -46.431312,   3590.4311,   24.287225,  -131.21388,  -106.92666 
    1500,   73.528405,  -259.76822,   3592.5987,    23.45164,    -132.381,  -108.92936 
    1750,   74.005854,  -87.908911,    3545.275,   23.603921,  -133.24839,  -109.64447 
    2000,   72.972538,   118.74973,   3474.0075,   23.274348,  -135.58058,  -112.30624 
    2250,   71.934612,  -60.211766,   3448.6256,   22.943305,  -138.78705,  -115.84374 
    2500,   74.931312,   85.411055,   3462.2626,   23.899093,  -137.30491,  -113.40582 
    2750,   72.951428,   200.63297,   3505.2438,   23.267616,  -133.47245,  -110.20483 
    3000,   71.115001,  -334.03052,    3649.976,   22.681893,  -130.64532,  -107.96343 
    3250,   81.054681,  -370.94347,    3638.143,   25.852121,  -130.81596,  -104.96384 
    3500,   75.157714,  -225.18461,   3687.5534,   23.971303,  -128.59891,  -104.62761 
    3750,   77.968152,   2.7343579,   3598.9214,   24.867683,  -130.18529,   -105.3176 
    4000,   69.101088,  -221.70675,    3663.994,   22.039562,  -130.38098,  -108.34141 
    4250,   73.464476,    21.68433,   3516.1008,   23.431251,  -133.79757,  -110.36631 
    4500,   66.955355,   50.888254,   3506.0445,   21.355188,  -133.61528,  -112.26009 
    4750,   68.746326,   387.54393,   3515.1677,   21.926412,  -131.06573,  -109.13932 
    5000,   80.354034,   156.38112,   3549.0019,   25.628652,  -130.95869,  -105.33004 
    5250,   72.048153,  -17.823892,   3656.1151,   22.979519,   -128.0244,  -105.04488 
    5500,   73.578079,  -138.18418,   3680.7936,   23.467484,  -127.17193,  -103.70444 
    5750,    75.53299,  -369.35633,   3654.6411,   24.090996,  -130.65262,  -106.56162 
    6000,   74.838686,   -166.4526,   3538.7737,    23.86955,   -134.4114,  -110.54185 
    6250,   72.051969,  -298.98064,   3555.1452,   22.980736,  -135.58026,  -112.59953 
    6500,    72.88217,   192.14582,   3494.0446,   23.245526,  -133.45716,  -110.21164 
    6750,   77.332201,   293.14571,   3518.1377,   24.664848,  -131.56402,  -106.89917 
    7000,   77.122294,  -15.411966,   3595.0181,   24.597899,  -130.73095,  -106.13305 
    7250,   77.087341,  -253.64446,   3631.8748,   24.586751,  -130.71536,  -106.12861 
    7500,   73.919162,   205.61246,   3539.5456,   23.576271,  -131.39677,   -107.8205 
    7750,   84.219573,    21.01335,   3418.6322,   26.861553,  -138.94748,  -112.08592 
    8000,   79.060283,  -191.38286,   3430.4276,   25.216014,  -140.44375,  -115.22774 
    8250,   70.613739,  -99.281242,   3452.6429,   22.522017,   -137.8539,  -115.33188 
    8500,   71.039607,   131.78362,   3473.0203,   22.657847,  -135.42101,  -112.76316 
    8750,   84.750825,   112.83249,   3470.4299,   27.030994,  -135.99759,   -108.9666 
    9000,    82.38217,   -74.66423,    3541.674,   26.275519,  -134.41503,  -108.13951 
    9250,   74.699985,   262.49744,   3546.4371,   23.825312,   -131.1979,  -107.37259 
    9500,   74.678819,   153.52697,   3601.6172,   23.818561,  -129.33553,  -105.51696 
    9750,   81.987521,   0.6557623,   3667.2685,   26.149647,  -127.30834,  -101.15869 
   10000,   83.664551,   170.86379,   3672.8794,    26.68453,  -126.30256,  -99.618027 
   10250,   76.151174,   282.34652,   3573.6194,   24.288164,  -129.75597,   -105.4678 
   10500,   78.701567,  -77.210552,   3544.2061,   25.101603,  -133.25793,  -108.15633 
   10750,   77.569126,  -123.39815,    3550.248,   24.740415,  -134.03445,  -109.29403 
   11000,   73.606928,   3.3555573,   3552.7949,   23.476685,  -132.81057,  -109.33389 
   11250,   71.608531,  -20.776506,   3613.5512,   22.839303,  -130.68057,  -107.84127 
   11500,   87.002642,   212.63604,   3540.3681,   27.749203,  -131.69805,  -103.94885 
   11750,    85.72398,   850.50105,   3481.6177,   27.341379,  -130.12478,   -102.7834 
   12000,   78.533876,  -130.90321,    3604.378,   25.048119,  -131.52836,  -106.48025 
   12250,   71.292302,    432.9457,   3501.3124,   22.738443,   -131.2852,  -108.54676 
   12500,   79.654178,   450.54692,   3498.5182,   25.405435,  -132.44782,  -107.04238 
   12750,   99.921096,   417.80235,   3507.9348,   31.869501,  -132.02846,  -100.15896 
   13000,    82.11143,  -39.935561,    3697.681,   26.189167,  -126.61048,  -100.42132 
   13250,   81.817593,   21.125183,   3635.0921,   26.095449,  -129.33184,  -103.23639 
   13500,   75.988392,    102.6848,   3577.3953,   24.236245,  -130.85787,  -106.62162 
   13750,   78.628387,   376.96641,   3514.5688,   25.078263,  -131.86769,  -106.78942 
   14000,   74.165671,   168.70051,   3562.5018,   23.654894,  -130.84534,  -107.19044 
   14250,   75.524944,  -34.048211,   3541.6948,    24.08843,  -132.64872,  -108.56029 
   14500,   64.565086,   239.32064,    3474.089,   20.592819,  -134.69876,  -114.10594 
   14750,   62.671561,    210.4856,   3485.8301,   19.988886,   -134.5522,  -114.56332 
   15000,   80.886418,  -93.514816,   3459.7895,   25.798454,  -137.71798,  -111.91952 
   15250,   72.278549,   319.22017,   3468.2216,   23.053003,   -133.6578,  -110.60479 
   15500,   76.737667,   646.29185,   3425.7875,   24.475224,  -133.98934,  -109.51412 
   15750,   81.598966,   10.900868,   3544.6093,   26.025719,  -133.85962,   -107.8339 
   16000,   72.081128,  -261.54898,   3640.2382,   22.990036,  -130.30195,  -107.31191 
   16250,   81.362766,  -124.34732,   3572.4534,   25.950384,  -132.57296,  -106.62258 
   16500,   78.540552,   192.99707,   3521.6271,   25.050248,  -131.99425,    -106.944 
   16750,   84.073459,   200.49122,   3478.4155,    26.81495,  -135.09572,  -108.28077 
   17000,   78.604524,   82.987359,   3455.1065,   25.070651,  -136.66717,  -111.59652 
   17250,   67.165922,    16.78179,   3451.5475,   21.422348,  -136.87193,  -115.44958 
   17500,   73.171049,  -41.837084,   3446.2685,   23.337663,  -138.07469,  -114.73703 
   17750,   73.984731,  -64.858693,   3485.8421,   23.597184,  -135.92643,  -112.32925 
   18000,   75.198338,   -227.6569,   3550.4952,    23.98426,  -135.02417,  -111.03991 
   18250,   82.307598,  -73.015171,   3499.9511,   26.251735,  -135.73318,  -109.48145 
   18500,   81.107754,   211.31892,   3492.6937,   25.869049,  -133.96195,   -108.0929 
   18750,   73.584966,  -180.67288,   3680.4499,    23.46968,  -129.54329,  -106.07361 
   19000,   82.193787,   41.169726,   3637.7368,   26.215435,  -128.82864,  -102.61321 
   19250,    85.08311,  -7.8856724,   3651.7577,   27.136975,  -128.30861,  -101.17163 
   19500,   76.744175,  -17.694058,   3708.2271,   24.477299,  -126.58105,  -102.10375 
   19750,    74.07315,   383.77504,   3576.7262,   23.625385,  -129.61759,  -105.99221 
   20000,   79.823295,   582.55399,   3434.0163,   25.459375,  -133.17441,  -107.71504 
   20250,   76.035941,  -229.16851,   3544.8206,    24.25141,  -134.83154,  -110.58013 
   20500,   72.952605,   169.63019,    3464.667,   23.267991,  -135.11912,  -111.85113 
   20750,   80.964433,  -143.23201,   3485.7332,   25.823337,  -137.29481,  -111.47147 
   21000,   73.654506,   678.13311,   3404.9094,    23.49186,  -135.12134,  -111.62948 
   21250,    83.74705,   396.97279,   3389.0174,   26.710843,  -137.74993,  -111.03908 
   21500,   72.281888,   352.36989,   3500.1114,   23.054068,  -132.16524,  -109.11118 
   21750,   85.513124,  -44.940772,   3563.3071,   27.274126,  -132.24338,  -104.96926 
   22000,   72.569805,  -317.20452,    3669.632,   23.145898,  -128.60642,  -105.46052 
   22250,   75.992004,   172.59116,   3527.5037,   24.237397,  -132.44808,  -108.21068 
   22500,   75.806827,    427.2365,   3410.3537,   24.178335,  -136.30843,  -112.13009 
   22750,   74.415758,   248.31173,    3425.448,   23.734659,  -137.11285,  -113.37819 
   23000,   73.106504,   535.94046,   3400.9702,   23.317076,  -135.80739,  -112.49031 
   23250,   88.010898,   467.15101,   3408.6408,   28.070783,  -136.23336,  -108.16258 
   23500,   84.175774,   905.41643,   3399.8371,   26.847583,  -132.65541,  -105.80783 
   23750,   75.531043,   69.068211,   3596.1627,   24.090375,  -129.97201,  -105.88164 
   24000,     78.9346,   64.143994,   3584.1326,   25.175928,  -130.43816,  -105.26224 
   24250,   80.699223,   541.57228,   3497.3486,   25.738749,  -131.32735,   -105.5886 
   24500,   74.702172,   90.113524,   3519.8168,   23.826009,  -132.99303,  -109.16703 
   24750,   66.222108,    171.8108,   3500.3263,   21.121321,  -133.24233,  -112.12101 
   25000,   72.240603,  -164.75689,   3529.6643,     23.0409,  -135.02215,  -111.98125 
   25250,    79.20943,  -296.77213,   3567.6481,   25.263584,  -134.06092,  -108.79733 
   25500,    78.04646,  -117.44416,   3631.8508,   24.892659,   -129.9298,  -105.03714 
   25750,   77.346674,  -236.73996,    3724.254,   24.669465,  -126.64687,   -101.9774 
   26000,   90.060076,  -318.93996,   3628.9248,   28.724362,  -131.11492,  -102.39056 
   26250,    77.91906,  -191.18827,    3647.379,   24.852025,  -130.25182,  -105.39979 
   26500,   77.488921,  -195.87865,   3610.0536,   24.714834,  -131.58737,  -106.87253 
   26750,   74.648321,  -95.871044,    3560.754,   23.808834,  -132.72299,  -108.91416 
   27000,   69.023226,  -217.46279,   3545.7932,   22.014729,  -134.94764,  -112.93292 
   27250,   66.780876,   508.64219,   3428.8509,   21.299538,  -134.60196,  -113.30243 
   27500,   81.778933,   203.02839,   3500.7642,   26.083119,  -134.19842,   -108.1153 
   27750,   81.222874,   154.83596,   3558.5079,   25.905766,   -131.0835,  -105.17773 
   28000,   87.097967,   27.916278,   3535.4463,   27.779607,  -134.26463,  -106.48502 
   28250,   69.577526,   83.134013,   3560.3503,   22.191521,  -131.56091,  -109.36939 
   28500,   77.945651,  -83.703348,   3537.3481,   24.860506,   -134.3138,  -109.45329 
   28750,   76.836499,  -117.64614,   3603.9485,   24.506746,  -130.64446,  -106.13771 
   29000,   83.566683,  -19.869398,   3647.1071,   26.653316,  -128.58739,  -101.93408 
   29250,   80.193904,  -387.68881,   3724.2029,   25.577579,  -128.03419,  -102.45662 
   29500,   71.444284,    -199.987,    3688.351,   22.786917,  -127.94284,  -105.15592 
   29750,   82.221474,   289.01078,   3490.5055,   26.224266,  -133.67082,  -107.44655 
   30000,   78.939001,   98.405423,   3519.5026,   25.177332,  -133.24497,  -108.06763 
   30250,   76.354755,   410.02594,   3502.6772,   24.353095,  -132.33032,  -107.97723 
   30500,   72.683377,   81.200971,   3584.0887,   23.182121,  -130.59002,   -107.4079 
   30750,   94.754501,   461.06903,   3487.7092,   30.221633,  -132.96143,  -102.73979 
   31000,   72.858043,   273.91768,   3642.3446,   23.237831,  -126.54888,  -103.31105 
   31250,   83.958673,   367.53694,   3523.0138,    26.77834,  -130.38859,  -103.61025 
   31500,    83.47443,   83.865927,   3467.2447,   26.623892,   -136.0751,  -109.45121 
   31750,   66.373131,  -85.842822,   3583.8712,   21.169489,  -131.90507,  -110.73558 
   32000,   75.058625,  -39.360847,   3588.1902,   23.939699,  -131.15703,  -107.21733 
   32250,   73.927733,  -199.68655,   3685.0114,   23.579005,  -127.74695,  -104.16795 
   32500,   81.830313,  -146.95385,   3712.0665,   26.099506,  -127.44048,  -101.34098 
   32750,   83.387758,  -42.413149,   3741.5854,   26.596248,  -126.17897,  -99.582719 
   33000,   86.217961,    172.6816,   3634.3732,   27.498932,  -127.23987,  -99.740942 
   33250,   73.859569,  -22.375786,   3640.6209,   23.557264,   -128.8729,  -105.31564 
   33500,   75.792748,   188.34912,   3558.9412,   24.173845,  -131.03585,    -106.862 
   33750,   79.380515,   239.97216,   3557.2678,   25.318151,  -131.31102,  -105.99287 
   34000,   83.929746,   200.68762,   3572.6828,   26.769113,  -130.33978,  -103.57067 
   34250,    80.45807,  -107.75422,   3656.8426,   25.661834,  -129.15444,  -103.49261 
   34500,   68.743894,  -305.44062,   3704.1954,   21.925636,  -129.07559,  -107.14995 
   34750,   76.809984,    257.9113,   3497.5177,   24.498289,  -133.37352,  -108.87523 
   35000,   76.560776,   220.96653,   3495.9092,   24.418805,  -134.39742,  -109.97861 
   35250,    76.66931,   15.398455,     3587.33,   24.453422,  -131.35969,  -106.90627 
   35500,   84.299481,   143.30317,   3595.1442,   26.887039,  -129.93636,  -103.04932 
   35750,   83.533429,   148.91977,   3554.1006,   26.642709,  -131.61517,  -104.97246 
   36000,   82.249668,   -93.18913,   3532.6001,   26.233258,  -134.33856,   -108.1053 
   36250,   78.890662,   70.501569,   3495.9671,   25.161914,  -134.94966,  -109.78775 
   36500,   79.182623,  -166.72345,   3532.5526,   25.255034,  -135.32358,  -110.06855 
   36750,   77.140699,   68.047773,   3510.9906,    24.60377,  -133.68358,  -109.07981 
   37000,   71.604601,   445.71517,   3517.5523,   22.838049,  -130.98891,  -108.15086 
   37250,   82.353035,   114.43793,   3513.3687,   26.266227,  -134.24704,  -107.98081 
   37500,   84.107569,   158.53755,    3456.949,    26.82583,  -136.83155,  -110.00572 
   37750,   72.320753,    316.2823,   3448.1642,   23.066464,  -135.59173,  -112.52527 
   38000,   77.218366,   269.99896,   3434.7136,   24.628541,  -137.22063,  -112.59209 
   38250,   81.661532,  -6.3138872,   3501.7084,   26.045674,  -135.81365,  -109.76798 
   38500,   79.889584,   535.40464,   3482.6083,   25.480517,  -131.51865,  -106.03813 
   38750,   77.444638,   89.116005,   3607.0013,    24.70071,  -129.25561,   -104.5549 
   39000,   82.078994,   34.849529,   3582.4963,   26.178822,  -131.02598,  -104.84716 
   39250,   73.786192,   176.75282,   3494.6539,   23.533861,  -133.90261,  -110.36875 
   39500,   72.352547,   193.51175,   3503.9824,   23.076604,   -133.8897,  -110.81309 
   39750,   81.541211,   538.77654,    3419.726,   26.007298,  -134.96471,  -108.95742 
   40000,   93.561023,   203.85778,   3434.7039,   29.840977,  -136.55512,  -106.71414 
   40250,   85.255886,   102.05172,    3562.203,   27.192081,  -131.79118,   -104.5991 
   40500,   76.913522,  -31.265685,   3706.1697,   24.531312,  -126.33391,   -101.8026 
   40750,   83.238353,   149.65783,   3640.1041,   26.548596,  -127.81815,  -101.26956 
   41000,   76.437973,  -206.70957,   3666.6525,   24.379637,  -129.42322,  -105.04358 
   41250,   75.848956,   192.31594,   3534.8023,   24.191772,  -132.16893,  -107.97716 
   41500,   80.178457,   258.16083,   3485.3587,   25.572652,  -134.43228,  -108.85963 
   41750,   81.111998,    446.2372,   3419.0396,   25.870402,  -136.20058,  -110.33018 
   42000,   73.664198,   548.29524,   3346.4046,   23.494951,  -138.81514,  -115.32019 
   42250,   71.597834,   54.047969,   3405.9589,   22.835891,  -140.06772,  -117.23183 
   42500,   77.644182,   302.80249,   3379.7486,   24.764354,  -139.43771,  -114.67335 
   42750,   73.991144,   405.43589,    3445.128,    23.59923,  -135.35902,  -111.75979 
   43000,   69.693049,   213.59451,   3544.3029,   22.228366,  -131.42893,  -109.20056 
   43250,   78.540804,  -171.51496,    3594.634,   25.050328,  -131.87398,  -106.82365 
   43500,   76.284892,  -270.49099,   3627.2725,   24.330813,  -131.48422,  -107.15341 
   43750,   72.259742,  -188.44904,   3591.0568,   23.047005,  -131.68756,  -108.64055 
   44000,   75.757452,  -115.42398,   3480.7905,   24.162587,  -136.88885,  -112.72627 
   44250,   72.002672,  -27.337584,   3432.4073,   22.965013,  -138.91333,  -115.94832 
   44500,   65.630345,   318.22531,   3429.9844,    20.93258,  -135.61057,  -114.67799 
   44750,   75.231018,  -100.63682,   3511.0814,   23.994683,   -135.8835,  -111.88882 
   45000,   73.377078,  -64.284616,    3538.932,   23.403375,  -133.62222,  -110.21884 
   45250,   81.693508,   47.867588,   3475.0423,   26.055873,  -135.43622,  -109.38035 
   45500,   69.174293,   229.05931,   3509.6926,   22.062911,   -132.9557,  -110.89279 
   45750,   76.875751,    512.7822,   3460.4726,   24.519265,   -133.6385,  -109.11923 
   46000,   85.761012,   113.28052,   3507.3806,    27.35319,  -133.60582,  -106.25263 
   46250,   88.938119,   210.81072,   3475.3802,   28.366517,  -135.77501,  -107.40849 
   46500,   83.334742,   170.30263,   3416.3278,   26.579339,  -138.67611,  -112.09677 
   46750,    71.00415,   35.768449,   3447.2947,   22.646537,  -137.05371,  -114.40717 
   47000,   73.634242,   236.72841,   3434.5141,   23.485397,   -136.6064,    -113.121 
   47250,   73.324652,  -320.19198,   3594.6491,   23.386654,  -133.55616,  -110.16951 
   47500,   70.901292,  -184.65614,   3626.8642,   22.613731,  -130.98082,  -108.36709 
   47750,   83.463465,  -346.96688,   3600.1287,   26.620395,  -133.27049,   -106.6501 
   48000,   77.028841,  -202.66061,   3609.8651,   24.568093,  -131.12724,  -106.55915 
   48250,   78.681935,  -57.311867,   3532.1639,   25.095342,  -133.59475,  -108.49941 
   48500,   72.191482,  -3.0453868,   3490.0521,   23.025233,  -135.99715,  -112.97192 
   48750,   72.072043,   551.26996,   3378.7331,   22.987138,  -137.50718,  -114.52004 
   49000,   78.132482,   642.17608,   3346.6584,   24.920095,  -138.04326,  -113.12316 
   49250,   78.479283,   690.48612,   3472.8688,   25.030706,  -131.52564,  -106.49493 
   49500,   87.638418,   398.97945,   3492.5502,   27.951982,  -133.24224,  -105.29026 
   49750,   86.046313,  -81.786003,   3576.3016,   27.444185,  -132.84766,  -105.40347 
   50000,   71.540757,   -64.21847,   3648.1756,   22.817687,  -128.81434,  -105.99665 
   50250,    68.98199,    7.480308,   3639.2048,   22.001576,  -128.06097,  -106.05939 
   50500,   75.935313,   151.28586,   3578.9537,   24.219316,  -130.30548,  -106.08616 
   50750,   75.791848,  -211.31771,    3632.487,   24.173558,  -131.40809,  -107.23453 
   51000,   81.717152,   112.68978,   3508.0309,   26.063414,  -134.37108,  -108.30767 
   51250,   73.704237,   286.98433,   3464.8096,   23.507721,  -134.93489,  -111.42717 
   51500,   72.898639,  -159.89896,    3537.168,   23.250779,  -135.40982,  -112.15904 
   51750,   73.582748,   31.646716,    3582.196,   23.468973,  -130.52798,    -107.059 
   52000,   82.560237,  -253.13669,   3644.7209,   26.332313,  -131.20889,  -104.87658 
   52250,    78.07589,  -258.75739,   3649.0791,   24.902046,  -130.57661,  -105.67456 
   52500,   77.059236,   101.36707,   3520.0101,   24.577787,  -132.53807,  -107.96029 
   52750,   76.381204,  -110.41713,   3541.4258,   24.361531,  -134.71604,  -110.35451 
   53000,   77.717273,   81.057024,   3511.7914,   24.787666,  -134.23155,  -109.44388 
   53250,   84.832916,  -27.511958,   3574.1846,   27.057177,  -132.01528,   -104.9581 
   53500,   80.753685,  -132.06503,   3645.2536,   25.756119,  -129.38661,   -103.6305 
   53750,    73.69861,  -104.23552,   3625.4674,   23.505927,  -129.39333,   -105.8874 
   54000,   77.423264,  -145.39727,   3504.0004,   24.693893,   -135.4824,  -110.78851 
   54250,   70.568343,  -26.348257,   3532.1927,   22.507538,  -134.24956,  -111.74202 
   54500,   83.105346,   58.105626,   3493.0979,   26.506174,  -136.53955,  -110.03338 
   54750,   82.955794,   27.719531,    3505.462,   26.458475,   -135.1371,  -108.67863 
   55000,   86.387261,   490.47295,   3490.3022,    27.55293,  -131.82944,  -104.27651 
   55250,   75.342052,   175.55815,   3652.1831,   24.030097,  -125.93741,  -101.90731 
   55500,   91.978517,  -63.259356,   3593.0724,   29.336242,  -132.13691,  -102.80066 
   55750,   82.910766,   53.979971,   3541.9905,   26.444113,  -133.28882,  -106.84471 
   56000,   75.532332,  -49.662274,   3569.5819,   24.090786,  -132.56789,  -108.47711 
   56250,   69.869397,   119.30662,   3547.7909,   22.284612,  -131.31809,  -109.03348 
   56500,   78.087735,  -113.52928,   3570.5123,   24.905823,  -133.11422,   -108.2084 
   56750,   76.590657,   165.24196,   3586.4728,   24.428335,  -129.87437,  -105.44604 
   57000,    75.48249,   99.626359,    3615.063,   24.074889,   -128.0471,  -103.97221 
   57250,   75.601354,  -213.52998,    3610.597,     24.1128,  -131.55888,  -107.44608 
   57500,   80.880124,   156.79201,   3438.9405,   25.796447,  -136.96323,  -111.16678 
   57750,   75.263877,  -106.86636,   3484.2697,   24.005163,   -136.1841,  -112.17894 
   58000,   70.172491,  -268.12411,   3588.5529,   22.381283,  -132.98287,  -110.60159 
   58250,    71.20543,  -81.654028,   3637.3271,   22.710735,  -128.88888,  -106.17814 
   58500,   88.521615,  -413.71563,   3606.0059,   28.233675,  -133.10902,  -104.87535 
   58750,   75.294825,  -131.75136,   3576.6751,   24.015034,  -131.93005,  -107.91501 
   59000,   73.275809,   177.87296,   3490.8464,   23.371076,  -133.87482,  -110.50374 
   59250,   78.954156,   329.51939,   3378.8957,   25.182166,  -138.86652,  -113.68435 
   59500,   83.756967,    271.3169,   3365.6549,   26.714006,  -140.59935,  -113.88534 
   59750,   75.524153,   403.58308,   3418.3652,   24.088177,  -136.17528,  -112.08711 
   60000,   81.650278,   465.46681,   3389.3812,   26.042085,  -136.55203,  -110.50995 
   60250,   80.153083,   617.28056,   3415.0576,   25.564559,  -135.01149,  -109.44693 
   60500,   76.081024,   460.90182,   3464.2775,    24.26579,  -133.14489,   -108.8791 
   60750,    76.37442,   542.18239,   3522.7795,   24.359367,   -129.9823,  -105.62293 
   61000,    80.52275,   145.57031,   3691.8842,   25.682463,    -126.807,  -101.12454 
   61250,   81.974472,   1.0633908,   3656.4937,   26.145485,  -127.89513,  -101.74965 
   61500,   77.582068,   726.55739,    3495.481,   24.744543,  -129.95125,  -105.20671 
   61750,   87.839437,   272.59094,   3465.2714,   28.016096,  -135.44451,  -107.42842 
   62000,   74.963361,   200.13934,   3557.4637,   23.909315,  -131.58981,  -107.68049 
   62250,   77.994289,    137.6245,   3558.8511,   24.876019,  -131.70795,  -106.83193 
   62500,   84.449957,   96.451855,   3550.4348,   26.935033,  -132.18451,  -105.24948 
   62750,   76.749904,   187.96561,   3598.2326,   24.479127,  -128.34039,  -103.86126 
   63000,   86.840059,  -146.60987,   3545.6466,   27.697348,  -135.21274,  -107.51539 
   63250,   62.759763,   562.24498,   3500.9716,   20.017018,  -130.40017,  -110.38315 
   63500,   76.692745,  -109.78869,   3561.3027,   24.460896,  -133.36791,  -108.90701 
   63750,   85.054386,  -90.590539,    3592.243,   27.127814,  -132.06533,  -104.93751 
   64000,    83.89541,  -192.10046,   3631.3832,   26.758162,  -130.73326,   -103.9751 
   64250,   77.647249,   110.93136,   3612.5427,   24.765332,  -129.83541,  -105.07008 
   64500,   85.689239,   341.26701,   3430.6458,   27.330298,  -135.76287,  -108.43258 
   64750,   75.582863,   332.45609,   3419.4242,   24.106903,  -137.29163,  -113.18473 
   65000,   71.647407,  -121.69977,   3524.4174,   22.851702,  -135.29832,  -112.44661 
   65250,   70.873867,  -204.62749,   3604.0639,   22.604984,  -131.86685,  -109.26186 
   65500,    79.66527,   -164.0768,   3566.3273,   25.408973,  -132.86738,   -107.4584 
   65750,   82.569001,  -76.136832,   3538.9215,   26.335109,  -134.23405,  -107.89894 
   66000,   72.752256,   242.56647,   3533.4925,    23.20409,    -131.944,  -108.73991 
   66250,   76.934698,   170.50774,   3466.2457,   24.538066,  -135.71689,  -111.17882 
   66500,   65.321568,   21.173011,   3534.4282,   20.834097,   -133.8545,   -113.0204 
   66750,   76.332773,   48.358358,   3513.3076,   24.346084,   -134.0777,  -109.73162 
   67000,   78.201285,   79.948217,    3574.448,    24.94204,  -131.49227,  -106.55023 
   67250,   78.027644,   160.26863,   3578.7238,   24.886658,  -130.65316,   -105.7665 
   67500,   79.549605,  -15.616402,   3567.1603,   25.372082,  -131.70338,  -106.33129 
   67750,   75.076852,   168.62027,   3539.7974,   23.945512,  -132.30693,  -108.36141 
   68000,   78.977831,  -33.917271,   3454.1286,   25.189717,  -138.15349,  -112.96378 
   68250,   69.912882,   15.265002,   3430.5935,   22.298481,  -138.59154,  -116.29306 
   68500,   72.729147,  -337.63632,   3477.4468,    23.19672,  -138.95753,  -115.76081 
   68750,   70.225001,   311.57713,   3464.5629,   22.398031,  -134.96346,  -112.56543 
   69000,   77.669618,  -37.898273,   3486.7561,   24.772466,  -135.73781,  -110.96535 
   69250,   69.962077,  -17.635397,   3554.8224,   22.314172,  -133.00619,  -110.69202 
   69500,   72.233383,  -159.79081,   3633.3272,   23.038597,  -130.75495,  -107.71635 
   69750,   92.427054,  -186.80093,   3559.9238,   29.479302,  -134.09324,  -104.61394 
   70000,   76.361051,   271.89366,   3565.6507,   24.355103,  -129.71998,  -105.36487 
   70250,   84.160988,   244.01675,   3485.2664,   26.842867,  -134.08181,  -107.23894 
   70500,   85.858505,   54.085231,   3437.5474,   27.384285,  -138.64298,   -111.2587 
   70750,    69.89065,   19.815042,   3487.6485,   22.291391,  -135.33479,   -113.0434 
   71000,   80.070606,  -293.41603,   3498.8017,   25.538253,  -137.71422,  -112.17596 
   71250,   75.903979,   88.152964,   3522.3769,   24.209322,  -134.47032,    -110.261 
   71500,   79.977196,   -46.58365,   3579.7165,   25.508461,  -131.64893,  -106.14047 
   71750,    81.55595,   185.54576,   3559.9714,   26.011999,  -130.77741,  -104.76541 
   72000,   77.573852,   220.77121,   3556.0628,   24.741922,  -129.95525,  -105.21332 
   72250,   80.971045,   172.69192,   3536.1425,   25.825446,   -132.0789,  -106.25346 
   72500,   82.546852,   20.082465,   3498.3609,   26.328044,  -135.39404,  -109.06599 
   72750,   79.701489,   423.20867,   3372.6901,   25.420525,   -138.3111,  -112.89058 
   73000,   69.712364,   501.96998,   3379.8433,   22.234527,  -137.75897,  -115.52445 
   73250,   78.680486,   558.97039,   3345.6205,   25.094879,  -139.30515,  -114.21027 
   73500,    76.78161,   272.89231,   3435.9743,   24.489239,   -136.3018,  -111.81256 
   73750,   72.316117,   -169.5698,   3615.1773,   23.064985,  -131.32815,  -108.26316 
   74000,   69.457391,  -21.588329,   3610.1792,   22.153204,  -128.52571,   -106.3725 
   74250,   78.300923,   58.309988,   3545.3184,   24.973819,  -132.43065,  -107.45683 
   74500,   77.155172,   410.40723,   3494.2947,   24.608386,  -133.05348,  -108.44509 
   74750,   85.913329,   325.89618,   3500.2603,   27.401771,  -132.46614,  -105.06437 
   75000,   80.345317,  -103.12885,   3708.3798,   25.625872,  -126.98506,  -101.35919 
   75250,   81.462463,   144.42597,   3615.1667,   25.982182,    -127.898,  -101.91582 
   75500,   72.528533,   244.54932,   3581.5398,   23.132734,  -128.87399,  -105.74126 
   75750,   72.287479,   442.06009,   3543.1054,   23.055851,  -129.27146,  -106.21561 
   76000,    75.38479,  -53.861233,   3652.7328,   24.043728,  -129.96892,  -105.92519 
   76250,    85.95267,   55.597884,   3536.7862,   27.414318,  -132.92162,   -105.5073 
   76500,   67.798276,   442.02604,   3509.7549,   21.624035,  -131.44414,   -109.8201 
   76750,   72.676329,   99.067012,   3491.0314,   23.179874,  -135.21507,   -112.0352 
   77000,    67.59798,    189.2371,    3510.447,   21.560151,  -132.74833,  -111.18818 
   77250,   75.243152,   109.61524,   3530.2931,   23.998553,  -131.90104,  -107.90249 
   77500,   85.459962,  -226.42982,   3640.1897,   27.257171,  -130.40163,  -103.14446 
   77750,   71.822102,  -442.88125,   3816.1579,    22.90742,  -125.17316,  -102.26574 
   78000,    68.16865,   -329.4662,   3741.9021,   21.742164,  -125.72844,  -103.98627 
   78250,   76.923443,   84.876411,   3570.2767,   24.534476,  -131.29869,  -106.76421 
   78500,   82.164262,   514.54658,   3433.2351,   26.206018,  -134.43902,  -108.23301 
   78750,   77.392565,   469.52702,   3472.0908,   24.684101,  -133.19398,  -108.50988 
   79000,   78.390526,   35.904269,   3567.5355,   25.002398,  -132.58141,  -107.57901 
   79250,   81.649133,   13.733122,   3568.7815,   26.041719,  -132.05747,  -106.01575 
   79500,   86.894527,   94.374526,   3557.2204,   27.714721,  -132.30165,  -104.58693 
   79750,   79.950639,   87.547364,    3560.751,    25.49999,  -132.09443,  -106.59444 
   80000,   67.174521,   246.70229,   3525.4508,    21.42509,  -131.36983,  -109.94474 
   80250,   77.342694,   138.94967,    3490.207,   24.668195,   -134.7308,   -110.0626 
   80500,   70.275571,  -88.072132,   3556.8125,    22.41416,  -131.92502,  -109.51086 
   80750,   72.307613,   73.173297,    3562.243,   23.062273,  -130.37945,  -107.31718 
   81000,   76.686511,  -83.257503,   3610.0342,   24.458908,  -129.72275,  -105.26384 
   81250,   86.053067,   56.895825,   3603.6462,    27.44634,  -129.31385,  -101.86751 
   81500,   81.665889,   160.65271,   3614.4369,   26.047064,  -128.53292,  -102.48586 
   81750,   81.176862,   149.93591,   3511.8967,    25.89109,  -134.10363,  -108.21254 
   82000,   72.452679,   54.899829,   3523.4761,   23.108541,  -133.85164,   -110.7431 
   82250,   64.060883,   52.882951,   3570.8989,   20.432006,  -130.98613,  -110.55413 
   82500,   89.454181,  -113.84288,   3513.7245,   28.531114,  -135.11923,  -106.58812 
   82750,   78.817242,   174.00001,   3528.7859,   25.138497,  -132.18067,  -107.04217 
   83000,   65.090445,  -105.02832,    3628.975,   20.760381,  -129.54815,  -108.78777 
   83250,   77.550102,   198.64967,   3494.3196,   24.734347,  -133.22013,  -108.48579 
   83500,   72.793211,   89.374397,   3534.1406,   23.217153,  -132.62919,  -109.41204 
   83750,   77.528811,  -260.06478,   3526.5075,   24.727557,  -136.83486,  -112.10731 
   84000,   75.131736,   129.84234,   3447.7344,   23.963017,  -137.46957,  -113.50655 
   84250,   73.151587,   188.89014,   3467.7189,   23.331455,  -134.41592,  -111.08447 
   84500,   74.066617,    70.76467,   3563.9995,   23.623301,  -131.07715,  -107.45385 
   84750,   76.998546,   12.003658,   3570.7112,    24.55843,  -131.47126,  -106.91283 
   85000,   79.398038,   550.65941,   3460.6824,    25.32374,   -132.9119,  -107.58816 
   85250,   69.542144,   79.530965,   3520.1822,   22.180236,  -133.29005,  -111.10981 
   85500,   77.494277,   338.70871,   3382.4174,   24.716542,  -138.72229,  -114.00574 
   85750,   78.436184,   330.01555,   3416.0189,    25.01696,  -137.80845,  -112.79149 
   86000,   89.600893,   263.73186,   3468.1147,   28.577907,  -135.83909,  -107.26118 
   86250,   78.937961,   389.51288,   3477.7248,      25.177,  -132.87869,  -107.70169 
   86500,   70.180886,   9.8872013,   3577.1868,    22.38396,  -131.94117,  -109.55721 
   86750,   84.270854,   123.65756,    3494.254,   26.877909,  -134.80019,  -107.92228 
   87000,   74.953968,  -5.6898361,   3620.3978,   23.906319,  -129.99392,   -106.0876 
   87250,   93.068617, -0.32945521,   3555.9958,   29.683926,  -132.62823,   -102.9443 
   87500,   70.422827,   216.14936,   3608.2444,   22.461127,   -127.7162,  -105.25508 
   87750,   77.748677,  -126.84741,   3551.9189,   24.797682,  -133.58896,  -108.79128 
   88000,    72.94691,   190.59182,   3487.7153,   23.266174,   -133.8567,  -110.59053 
   88250,    74.67786,   228.23121,   3453.0955,   23.818255,  -135.31837,  -111.50012 
   88500,   73.886818,   340.15277,    3456.652,   23.565955,  -135.65079,  -112.08483 
   88750,    72.46843,   120.03434,   3533.7409,   23.113565,  -132.46838,  -109.35481 
   89000,   75.407525,  -114.87724,    3645.156,    24.05098,  -129.35447,  -105.30349 
   89250,   81.669351,  -109.09706,   3659.7457,   26.048168,  -129.18545,  -103.13729 
   89500,   71.969415,  -350.05429,   3763.0684,   22.954406,  -126.22054,  -103.26613 
   89750,   71.261722,  -302.50658,   3690.0276,   22.728689,  -128.76791,  -106.03922 
   90000,   63.268186,   61.717917,   3635.2453,   20.179178,  -128.46347,  -108.28429 
   90250,   75.017308,   75.677611,   3627.5327,   23.926521,  -129.32289,  -105.39637 
   90500,   87.877858,   40.015522,    3600.083,   28.028351,   -130.1937,  -102.16535 
   90750,   84.951395,   242.63442,   3545.5778,   27.094965,  -130.47321,  -103.37824 
   91000,   80.909158,    302.0956,   3509.1616,   25.805707,  -132.55588,  -106.75017 
   91250,   69.577045,   119.67164,   3551.7454,   22.191367,  -131.38516,  -109.19379 
   91500,   68.951123,   198.90754,   3579.1696,   21.991732,  -130.03809,  -108.04636 
   91750,   78.858975,   143.47759,   3599.0152,   25.151808,  -128.50749,  -103.35568 
   92000,   80.014479,  -258.70806,   3665.3061,   25.520352,  -129.30756,   -103.7872 
   92250,   82.767769,  -268.59345,   3633.6829,   26.398505,  -131.45628,  -105.05778 
   92500,   80.481227, -0.58239761,   3528.1145,    25.66922,  -132.55021,  -106.88099 
   92750,   71.556717,  -121.17551,   3531.7501,   22.822777,  -133.83843,  -111.01566 
   93000,   82.622212,  -191.74617,    3457.558,    26.35208,  -138.76188,   -112.4098 
   93250,   76.405095,  -118.64225,   3487.2313,   24.369151,  -136.98023,  -112.61108 
   93500,    70.83932,  -122.20796,   3560.6704,   22.593966,  -133.80166,  -111.20769 
   93750,   78.580475,  -416.34781,   3607.1878,   25.062981,  -134.39364,  -109.33066 
   94000,   70.628616,  -146.42931,   3589.6876,   22.526762,  -132.30332,  -109.77656 
   94250,    76.37028,  -34.416124,   3501.2664,   24.358047,   -135.1804,  -110.82235 
   94500,   76.469575,   116.46929,   3459.7167,   24.389717,  -136.36258,  -111.97286 
   94750,   66.776316,   186.78741,   3434.6218,   21.298084,  -136.18331,  -114.88523 
   95000,   76.338459,   -119.7436,   3468.7198,   24.347898,  -138.89746,  -114.54956 
   95250,    75.31377,  -100.22448,   3502.4644,   24.021077,  -135.68193,  -111.66085 
   95500,    69.58215,    24.14007,   3596.2692,   22.192995,  -130.19588,  -108.00289 
   95750,   85.623932,   30.906675,   3557.7216,   27.309469,  -132.76255,  -105.45308 
   96000,   68.842714,   73.861405,   3644.3875,   21.957155,  -127.91029,  -105.95314 
   96250,   84.521887,   53.208395,   3561.2946,   26.957975,  -132.14043,  -105.18246 
   96500,   71.192293,    162.3885,   3635.2379,   22.706545,  -127.12937,  -104.42282 
   96750,   90.089625,  -197.24284,   3683.9009,   28.733786,  -128.83811,  -100.10432 
   97000,     83.4476,  0.36753076,   3624.1946,   26.615335,  -129.20641,  -102.59108 
   97250,   73.396928,    330.1688,   3573.0241,   23.409706,  -129.53209,  -106.12239 
   97500,   79.175717,   163.69856,   3521.5619,   25.252832,  -132.41377,  -107.16094 
   97750,   71.610617,  -93.294066,    3582.412,   22.839968,  -132.60707,  -109.76711 
   98000,   76.081655,   219.50633,   3468.8735,   24.265991,  -134.73333,  -110.46734 
   98250,    70.30658,   250.79427,   3518.0049,    22.42405,  -132.50721,  -110.08316 
   98500,   79.590072,  -262.69701,   3636.4521,   25.384989,  -130.87247,  -105.48748 
   98750,   73.481328,   35.848942,   3659.4668,   23.436625,  -127.44157,  -104.00495 
   99000,   81.942122,   43.680259,   3584.6505,   26.135167,  -130.90654,  -104.77138 
   99250,   80.898068,   128.65795,   3513.8613,    25.80217,  -132.96834,  -107.16617 
   99500,   72.989972,   173.92529,    3468.618,   23.279909,  -134.83906,  -111.55915 
   99750,   88.138667,   112.67701,   3380.1536,   28.111535,  -140.70975,  -112.59821 
  100000,   70.030031,   468.63126,   3402.7364,   22.335846,  -136.21506,  -113.87921 
  100250,   73.997739,   482.59241,   3439.1957,   23.601333,  -134.60621,  -111.00488 
  100500,    77.36902,   240.02561,   3544.6369,   24.676592,  -131.13026,  -106.45367 
  100750,   86.354529,   260.27754,   3516.0518,    27.54249,  -132.57036,  -105.02787 
  101000,   77.457218,   369.58805,   3519.1785,   24.704722,  -130.90416,  -106.19943 
  101250,    72.20821,   285.36231,   3489.7775,   23.030568,  -133.07558,  -110.04501 
  101500,   76.670362,   145.06592,   3420.1696,   24.453757,  -137.71968,  -113.26592 
  101750,   75.235053,   394.23926,   3406.5792,    23.99597,  -136.95848,  -112.96251 
  102000,   76.844364,   136.18005,   3462.8321,   24.509254,  -135.82876,   -111.3195 
  102250,   77.486757,   62.914497,   3509.1726,   24.714144,  -134.41097,  -109.69683 
  102500,   81.900454,   191.60483,   3530.1456,   26.121877,  -132.16272,  -106.04085 
  102750,   94.258407,   357.68967,   3504.4703,   30.063406,  -132.31432,  -102.25091 
  103000,    84.28639,   501.20707,   3523.7911,   26.882864,  -130.99203,  -104.10916 
  103250,   74.859491,   277.34182,   3532.6363,   23.876186,  -130.63834,  -106.76215 
  103500,   73.873481,   384.19679,   3488.1837,   23.561701,  -133.01614,  -109.45444 
  103750,    77.85656,   323.12392,   3383.4256,   24.832091,  -139.21259,   -114.3805 
  104000,   73.042539,   358.36499,   3355.0322,   23.296675,  -139.98847,  -116.69179 
  104250,   69.271547,   144.67154,     3421.16,    22.09393,  -137.55047,  -115.45654 
  104500,   73.409754,  -158.09901,   3485.4424,   23.413797,  -136.83433,  -113.42053 
  104750,    71.81098,   55.921243,   3502.6652,   22.903873,  -133.49797,   -110.5941 
  105000,   69.551348,  -264.33879,   3623.7301,   22.183171,  -131.40333,  -109.22016 
  105250,   73.799049,  -29.013978,    3556.524,   23.537961,  -131.62589,  -108.08793 
  105500,   89.167842,   207.88053,   3505.9497,   28.439787,  -133.83277,  -105.39299 
  105750,    81.05879,  -166.11031,   3619.6492,   25.853432,  -130.89434,  -105.04091 
  106000,   75.894678,   481.41055,   3534.7248,   24.206355,  -129.52473,  -105.31838 
  106250,   83.904523,   198.91734,   3483.6018,   26.761069,  -134.61616,  -107.85509 
  106500,    72.29823,   98.348935,   3542.9636,    23.05928,  -132.90544,  -109.84616 
  106750,   73.674087,   406.93237,   3505.1299,   23.498105,  -131.71798,  -108.21988 
  107000,   80.074395,   656.91555,    3502.448,   25.539462,  -129.96297,   -104.4235 
  107250,   81.628533,   9.9161689,   3666.7778,   26.035149,  -126.83772,  -100.80257 
  107500,   73.821163,  -47.533614,    3759.933,   23.545014,  -124.39534,  -100.85032 
  107750,   79.502638,  -476.61487,   3801.0493,   25.357102,  -127.28653,  -101.92943 
  108000,   78.888681,  -16.157262,   3712.3565,   25.161283,  -127.51562,  -102.35433 
  108250,   80.478814,   75.838805,   3686.3317,    25.66845,  -128.38985,   -102.7214 
  108500,   84.646741,   316.47453,   3501.9632,   26.997797,  -133.06631,  -106.06851 
  108750,   76.324032,   138.13629,   3482.1643,   24.343296,  -134.67341,  -110.33012 
  109000,   73.900787,   333.99829,   3461.4249,    23.57041,  -134.21594,  -110.64553 
  109250,   69.761576,   114.48703,   3520.9356,   22.250223,  -132.95119,  -110.70097 
  109500,   84.286603,  -252.09003,   3565.5936,   26.882932,  -134.02257,  -107.13964 
  109750,   80.681817,  -73.532866,   3621.3008,   25.733197,  -130.40126,  -104.66807 
  110000,   83.294892,  -177.49758,   3721.1762,   26.566629,   -127.0955,  -100.52888 
  110250,   88.587049,  -252.19795,   3761.4712,   28.254545,  -126.16052,  -97.905973 
  110500,   80.571257,   21.848438,    3715.647,   25.697935,  -125.33902,  -99.641082 
  110750,   83.827759,   329.00587,   3524.7713,   26.736585,  -132.08693,  -105.35035 
  111000,   77.001965,   126.86247,   3557.4682,   24.559521,  -131.86179,  -107.30227 
  111250,   78.886695,    81.94073,   3610.3048,   25.160649,  -130.43664,  -105.27599 
  111500,   82.170578,   244.80887,   3572.1128,   26.208033,  -129.30328,  -103.09525 
  111750,   88.470173,   139.44317,    3505.821,   28.217268,  -134.28338,  -106.06611 
  112000,   77.043853,   49.160561,   3516.0292,   24.572881,  -134.38451,  -109.81163 
  112250,   77.040867,  -47.098887,   3509.1904,   24.571928,  -135.01459,  -110.44266 
  112500,   74.031731,  -167.97002,   3550.8375,   23.612175,   -133.8765,  -110.26433 
  112750,   84.836939,   -239.7651,   3571.0456,    27.05846,  -134.54305,  -107.48459 
  113000,   85.426917,   64.289393,   3550.6892,   27.246631,  -132.54854,   -105.3019 
  113250,    87.73122,   183.24812,   3567.5336,   27.981581,  -130.91329,  -102.93171 
  113500,   85.489935,    221.8491,   3583.7721,   27.266731,   -129.6146,  -102.34787 
  113750,   82.229858,  -118.48597,   3595.8944,    26.22694,   -132.4456,  -106.21866 
  114000,    78.18308,   211.61435,   3507.7079,   24.936233,  -134.11781,  -109.18157 
  114250,   70.953793,    472.3527,   3449.1391,   22.630476,   -133.4668,  -110.83632 
  114500,   81.191537,  -69.419422,   3474.1816,   25.895771,  -137.81674,  -111.92097 
  114750,   74.919662,   320.42921,   3427.4275,   23.895377,  -135.99072,  -112.09535 
  115000,   71.186024,   441.77416,   3460.3436,   22.704546,   -133.4758,  -110.77126 
  115250,   77.109241,   40.905733,   3532.0335,   24.593736,  -132.85137,  -108.25763 
  115500,   85.816824,   122.89095,   3561.5918,   27.370991,  -131.44815,  -104.07716 
  115750,   88.272522,   99.576567,   3564.2019,   28.154227,   -131.9166,  -103.76238 
  116000,   74.497469,   430.37778,   3523.7967,    23.76072,   -130.0202,  -106.25948 
  116250,    73.77008,   99.164402,   3476.8263,   23.528722,  -135.02548,  -111.49676 
  116500,   70.680986,   195.38297,   3489.0228,   22.543465,  -134.77793,  -112.23446 
  116750,   70.364509,  -107.66014,   3581.2387,   22.442526,  -132.23806,  -109.79553 
  117000,     85.7702,  -114.53421,   3558.5846,    27.35612,  -132.97266,  -105.61654 
  117250,   76.109108,   -178.2275,   3641.7001,   24.274747,  -129.53194,  -105.25719 
  117500,   76.312501,  -214.26753,   3646.8178,   24.339619,  -130.13491,  -105.79529 
  117750,    76.49978,  -464.96493,   3659.3693,   24.399351,  -131.34418,  -106.94483 
  118000,   70.323656,  -377.97191,   3657.1998,   22.429496,  -130.56776,  -108.13827 
  118250,   71.978785,  -312.82906,   3610.7495,   22.957394,  -132.90046,  -109.94306 
  118500,   80.004444,   196.73254,   3452.4934,   25.517151,  -136.19012,  -110.67297 
  118750,   72.777046,   221.31133,   3493.6013,   23.211997,  -132.92098,  -109.70898 
  119000,   85.277162,   224.33407,   3506.4616,   27.198867,  -132.90586,  -105.70699 
  119250,   87.069259,   209.79345,   3531.8998,   27.770451,  -133.00192,  -105.23147 
  119500,   77.573009,   268.16523,   3478.2295,   24.741653,  -133.92649,  -109.18483 
  119750,   76.823522,  -247.56566,     3482.34,   24.502607,  -138.15895,  -113.65634 
  120000,   65.064892,  -69.010156,    3529.115,   20.752231,   -133.7353,  -112.98307 
  120250,   76.189918,  -402.84399,   3604.5832,   24.300521,  -133.63076,  -109.33024 
  120500,   66.457006,  -159.28521,   3664.9757,   21.196241,  -128.10218,  -106.90594 
  120750,   77.511218,   28.699428,   3603.2414,   24.721945,  -129.69002,  -104.96808 
  121000,   76.836251,   8.1477493,   3622.0966,   24.506667,  -128.75213,  -104.24546 
  121250,   81.214757,   64.848488,   3651.8797,   25.903177,  -127.38148,  -101.47831 
  121500,   96.524391,  -186.72603,   3695.0757,   30.786134,  -127.94077,   -97.15464 
  121750,   82.971137,   305.31173,   3610.5772,   26.463368,  -127.60015,  -101.13678 
  122000,   83.272466,   735.70727,   3476.2062,   26.559476,  -130.93975,  -104.38027 
  122250,   76.632398,   73.001826,   3578.8947,   24.441649,  -130.55166,  -106.11001 
  122500,   81.863623,  -78.733231,   3585.6187,    26.11013,  -132.18057,  -106.07044 
  122750,   73.508272,    208.7149,   3599.7378,   23.445219,  -128.46378,  -105.01857 
  123000,    88.99982,   179.40836,   3609.2165,   28.386197,  -129.02923,  -100.64304 
  123250,   84.446758,   73.637829,   3665.8067,   26.934013,  -126.80166,  -99.867648 
  123500,   72.181756,   278.30032,   3622.7133,   23.022131,  -126.62443,   -103.6023 
  123750,   81.472281,   815.99383,   3416.3381,   25.985313,   -132.5876,  -106.60229 
  124000,   81.311039,  -24.108214,   3555.6771,   25.933886,    -133.564,  -107.63012 
  124250,   74.178933,   56.825535,   3555.0001,   23.659124,  -131.81784,  -108.15872 
  124500,   77.253737,   312.57082,   3468.0185,   24.639823,  -134.16186,  -109.52204 
  124750,   75.587103,   60.336453,   3454.0965,   24.108255,  -137.09006,  -112.98181 
  125000,   67.204177,   82.646056,   3460.3822,   21.434549,   -136.0838,  -114.64925 
  125250,   68.989544,  -120.68636,   3556.3191,   22.003986,  -132.67997,  -110.67598 
  125500,   70.493805,   237.70853,      3592.2,   22.483765,  -128.88923,  -106.40547 
  125750,   83.634198,   395.62788,   3562.2088,    26.67485,  -129.98386,  -103.30901 
  126000,   84.676803,    18.55648,   3616.4031,   27.007385,  -129.77127,  -102.76388 
  126250,   73.645157,   54.655119,   3606.2057,   23.488878,   -129.4145,  -105.92563 
  126500,   79.907138,  -236.80254,   3542.6027,   25.486116,  -135.29783,  -109.81171 
  126750,   81.388824,   249.71685,   3430.0677,   25.958695,  -136.57547,  -110.61677 
  127000,   72.073772,   333.25726,   3461.7973,    22.98769,  -133.47624,  -110.48855 
  127250,   89.288015,   154.14468,   3451.6206,   28.478116,  -136.97054,  -108.49242 
  127500,   78.938747,   405.05071,   3494.2464,   25.177251,  -132.15105,   -106.9738 
  127750,   82.842325,   207.78168,   3613.3254,   26.422284,  -128.47257,  -102.05029 
  128000,   87.300168,   39.630763,   3634.0053,   27.844098,  -128.74838,  -100.90428 
  128250,   74.805333,   445.74529,   3562.2636,   23.858912,  -128.23956,  -104.38065 
  128500,   82.924201,   207.25191,   3520.7194,   26.448398,  -133.14484,  -106.69645 
  128750,   80.680881,    217.4926,   3504.9649,   25.732899,  -133.29612,  -107.56322 
  129000,   85.980462,    274.8551,   3473.5185,   27.423183,  -135.97306,  -108.54988 
  129250,   74.658243,   726.57063,   3434.6462,   23.811998,   -133.3778,   -109.5658 
  129500,   85.475952,     96.9391,   3461.9097,   27.262271,  -136.98579,  -109.72352 
  129750,   73.506346,   245.72798,   3502.4038,   23.444605,  -133.12136,  -109.67676 
  130000,   69.312746,  0.39734234,   3588.9992,    22.10707,  -130.45412,  -108.34705 
  130250,   79.319935,  -28.654073,   3645.4995,    25.29883,  -128.28325,  -102.98442 
  130500,   86.607576,  -57.443662,   3623.0971,   27.623199,  -130.18475,  -102.56155 
  130750,   79.750917,   184.92568,   3564.1281,    25.43629,  -130.63955,  -105.20326 
  131000,   74.410975,  -37.931626,   3565.9339,   23.733133,  -132.73572,  -109.00259 
  131250,   76.536928,  -254.37374,    3531.593,   24.411199,  -134.74739,  -110.33619 
  131500,   69.870107,  -134.79324,    3554.775,   22.284838,  -133.03961,  -110.75477 
  131750,   79.075596,  -327.37714,   3541.2457,   25.220899,  -135.93733,  -110.71643 
  132000,   80.596025,  -213.95518,   3526.6782,   25.705834,  -135.76683,    -110.061 
  132250,   73.299499,  -28.962132,   3538.6393,   23.378632,  -133.46427,  -110.08564 
  132500,   72.971814,   83.450616,   3555.2851,   23.274117,   -131.0695,  -107.79538 
  132750,   82.335392,  -45.087007,   3604.9013,     26.2606,  -131.09914,  -104.83854 
  133000,   72.595843,   143.89051,   3672.2766,   23.154203,  -126.88238,  -103.72818 
  133250,   92.314155,   50.275761,    3559.682,   29.443293,  -131.90285,  -102.45956 
  133500,   74.851548,   279.46371,   3559.5752,   23.873652,  -130.02084,  -106.14719 
  133750,    79.29491,   245.68716,   3451.0512,   25.290848,  -135.57843,  -110.28758 
  134000,   78.915576,   349.29272,   3405.4252,    25.16986,  -137.91199,  -112.74213 
  134250,   70.656029,   220.16641,   3439.7266,   22.535506,  -136.92831,  -114.39281 
  134500,   72.958261,    431.3604,    3405.211,   23.269795,  -136.64202,  -113.37222 
  134750,   77.519038,  -165.30732,   3577.3384,    24.72444,  -132.53362,  -107.80918 
  135000,   73.899782,   32.482435,    3608.673,    23.57009,  -129.45955,  -105.88947 
  135250,   76.355736,  -149.46328,   3592.3855,   24.353408,  -131.67875,  -107.32534 
  135500,   76.588098,   70.298541,   3500.2279,   24.427519,  -134.80724,  -110.37972 
  135750,   68.441864,   114.82425,   3470.8321,   21.829305,  -134.96122,  -113.13191 
  136000,   77.177632,   157.42429,    3440.514,   24.615549,  -136.58211,  -111.96656 
  136250,   87.343975,   209.74567,   3510.6256,    27.85807,  -133.32814,  -105.47007 
  136500,    79.80692,    176.1543,   3559.8734,   25.454152,  -130.82077,  -105.36662 
  136750,   69.571073,  -4.3600342,   3601.2922,   22.189462,  -129.58279,  -107.39333 
  137000,   82.051666,   226.72074,   3458.9704,   26.170106,  -135.42771,  -109.25761 
  137250,   67.082622,   192.90608,   3489.5288,   21.395779,  -134.22064,  -112.82486 
  137500,   78.371781,  -42.869867,   3478.6413,   24.996419,  -136.67935,  -111.68293 
  137750,    77.34922,  -104.53921,   3540.5588,   24.670276,   -134.6759,  -110.00562 
  138000,   71.116944,    38.86646,   3698.0214,   22.682513,  -126.59696,  -103.91445 
  138250,   81.571519,   155.51292,   3645.0671,   26.016965,  -127.54163,  -101.52466 
  138500,   74.266887,    218.4238,   3631.9581,   23.687177,  -127.08792,  -103.40074 
  138750,   74.800887,     327.677,   3528.4045,   23.857494,  -130.86559,   -107.0081 
  139000,   88.738474,   168.03696,   3460.2391,   28.302841,  -135.95787,  -107.65503 
  139250,   78.930347,   460.45232,   3466.1874,   25.174572,  -133.88061,  -108.70604 
  139500,   78.274145,   500.83529,   3445.4077,   24.965278,  -134.07471,  -109.10943 
  139750,    81.81914,   294.58577,    3548.409,   26.095943,  -130.24462,  -104.14868 
  140000,   86.337241,  -194.40041,    3706.381,   27.536976,  -129.17195,  -101.63497 
  140250,   82.796445,  -45.213495,   3660.1801,   26.407651,  -129.04334,  -102.63569 
  140500,   66.721424,   120.26435,   3666.5437,   21.280576,  -127.00722,  -105.72664 
  140750,   81.417074,     164.128,   3483.7167,   25.967705,  -134.67486,  -108.70716 
  141000,   76.463824,    141.2534,   3448.5105,   24.387882,  -136.34841,  -111.96053 
  141250,   74.459841,   65.017518,   3484.3391,   23.748719,  -135.72377,  -111.97505 
  141500,   73.754704,  -138.49284,   3525.8149,   23.523818,   -134.5554,  -111.03159 
  141750,   70.490025,  -324.88169,   3624.0639,   22.482559,  -131.20304,  -108.72048 
  142000,   80.373635,  -404.79636,   3713.2081,   25.634904,  -129.34393,  -103.70903 
  142250,   86.292641,   168.42771,    3566.904,   27.522751,  -130.67752,  -103.15477 
  142500,    84.13278,   294.79225,    3528.455,    26.83387,  -131.58374,  -104.74987 
  142750,   73.141908,   30.928996,   3577.7308,   23.328368,  -131.22022,  -107.89186 
  143000,   84.128527,  -179.86524,    3520.002,   26.832514,  -135.99194,  -109.15943 
  143250,   70.981844,    127.9397,   3532.6513,   22.639423,  -133.09938,  -110.45995 
  143500,   74.788358,   161.56205,   3499.7441,   23.853498,  -133.68297,  -109.82947 
  143750,   74.670303,  -351.62313,   3672.4824,   23.815845,  -129.80709,  -105.99125 
  144000,   75.549625,   1.7872216,   3690.0163,   24.096302,  -126.17812,  -102.08182 
  144250,   76.115812,   45.491457,   3663.8949,   24.276885,  -126.38147,  -102.10459 
  144500,   80.885874,  -362.88862,   3706.4707,   25.798281,  -128.60084,  -102.80255 
  144750,   80.549278,    455.5145,   3496.5214,   25.690924,  -132.33217,  -106.64124 
  145000,   82.039482,   219.93256,   3453.1559,    26.16622,   -136.7155,  -110.54928 
  145250,   70.816087,   671.76661,   3457.2076,   22.586555,  -132.26658,  -109.68003 
  145500,   78.193252,   664.04885,   3499.1482,   24.939478,    -130.331,  -105.39152 
  145750,   85.155913,  -48.358526,    3623.427,   27.160195,    -131.163,  -104.00281 
  146000,   83.760257,   426.93977,   3536.4527,   26.715056,   -130.3061,  -103.59105 
  146250,   75.405006,   121.97843,   3560.3911,   24.050176,  -130.68242,  -106.63225 
  146500,   75.571702,    34.88298,   3511.4642,   24.103343,  -134.55847,  -110.45512 
  146750,   74.347167,   143.39356,   3483.2954,   23.712782,  -135.12138,   -111.4086 
  147000,   77.372537,   272.66001,   3450.9105,   24.677713,  -135.63723,  -110.95952 
  147250,   71.365217,   238.15761,   3480.4792,   22.761699,  -132.74872,  -109.98702 
  147500,   79.929699,  -8.7627337,   3518.7285,   25.493312,  -134.11328,  -108.61997 
  147750,   69.492388,   78.046083,    3546.169,   22.164366,  -131.50905,  -109.34468 
  148000,   79.788142,   144.73217,   3488.7927,   25.448163,  -134.65967,  -109.21151 
  148250,    77.25553,  -195.86538,   3596.8689,   24.640395,  -131.38577,  -106.74537 
  148500,   71.146886,  -203.84665,   3706.9659,   22.692063,  -126.75868,  -104.06662 
  148750,   90.674718,   101.79058,   3558.9799,     28.9204,  -132.01819,  -103.09779 
  149000,    89.92682,   56.085306,    3486.395,    28.68186,  -136.13939,  -107.45753 
  149250,   82.281697,   237.40735,   3441.7583,   26.243474,  -136.31074,  -110.06726 
  149500,   81.082597,    48.71798,   3488.1989,   25.861025,  -135.23878,  -109.37776 
  149750,   82.582294,  -249.56426,   3550.9011,   26.339348,  -135.05485,   -108.7155 
  150000,    70.61684,  -181.12463,   3596.8606,   22.523006,  -131.49686,  -108.97386 
  150250,   88.345487,   172.99195,   3498.9899,   28.177499,  -134.36251,  -106.18501 
  150500,   84.134216,   82.524904,   3523.8882,   26.834329,  -132.74869,  -105.91437 
  150750,   82.165271,    128.4757,   3485.9008,    26.20634,  -134.17579,  -107.96945 
  151000,   68.868861,  -101.13918,   3540.8534,   21.965494,  -133.58729,   -111.6218 
  151250,   80.185395,  -83.978002,    3462.698,   25.574865,  -137.29013,  -111.71526 
  151500,    78.06941,   137.08527,    3469.495,   24.899979,   -136.1678,  -111.26782 
  151750,   83.574408,   300.47536,   3457.7024,    26.65578,  -135.37889,  -108.72311 
  152000,   85.838718,   360.82718,   3488.5645,   27.377974,  -133.57101,  -106.19304 
  152250,   91.248306,   395.10536,   3457.1444,   29.103344,  -134.46153,  -105.35818 
  152500,   81.335966,   495.78252,   3461.0652,   25.941836,  -133.33518,  -107.39334 
  152750,    73.77792,  -105.93316,    3506.165,   23.531222,  -135.87984,  -112.34862 
  153000,   70.896541,  -29.228918,   3472.7143,   22.612216,  -136.56313,  -113.95091 
  153250,   71.603075,   -136.0806,    3501.183,   22.837563,  -135.90916,   -113.0716 
  153500,    74.95106,  -377.79918,   3595.2104,   23.905391,  -133.03078,  -109.12538 
  153750,   73.757205,  -269.56728,   3645.2378,   23.524615,  -130.09886,  -106.57424 
  154000,   71.571815,  -113.35134,   3660.7195,   22.827592,  -128.77744,  -105.94985 
  154250,   73.707914,  -212.77921,   3672.4964,   23.508894,  -129.08419,  -105.57529 
  154500,   77.858061,  -71.875837,    3632.137,    24.83257,  -130.41226,  -105.57969 
  154750,   84.984658,   107.96314,   3542.1133,   27.105574,  -132.25119,  -105.14561 
  155000,   79.239384,  -87.663166,   3602.7928,   25.273138,  -130.55129,  -105.27815 
  155250,   71.753462,   93.860767,   3568.6456,   22.885528,  -130.68355,  -107.79802 
  155500,   78.318333,  -227.11296,   3517.5947,   24.979372,  -135.98848,  -111.00911 
  155750,   76.579208,   139.79287,   3447.0052,   24.424684,  -136.33771,  -111.91303 
  156000,   69.268032,   394.86518,   3458.2809,   22.092808,  -134.00471,   -111.9119 
  156250,   85.294988,   528.04051,   3445.4255,   27.204553,  -134.08934,  -106.88479 
  156500,    77.33575,   31.443919,   3625.2959,    24.66598,  -129.34754,  -104.68156 
  156750,   90.447383,   391.01274,   3507.4097,   28.847892,  -131.94238,  -103.09448 
  157000,   75.037565,   278.81559,   3543.8665,   23.932982,   -130.2263,  -106.29332 
  157250,   70.321781,   342.52347,   3521.1273,   22.428898,   -131.7749,    -109.346 
  157500,   85.018471,   359.67872,   3425.4425,   27.116359,  -136.39091,  -109.27455 
  157750,   76.323886,   399.02411,   3454.2871,    24.34325,  -134.05371,  -109.71046 
  158000,    72.69561,   419.11623,   3489.5133,   23.186023,  -132.33395,  -109.14793 
  158250,   87.249958,  -44.659047,   3515.4462,   27.828084,  -135.50567,  -107.67758 
  158500,   77.079115,   128.71196,   3542.0046,   24.584127,  -132.46381,  -107.87968 
  158750,     61.4504,  -114.05337,   3629.7667,   19.599401,  -129.29381,  -109.69441 
  159000,   75.038116,  -226.66447,   3523.5899,   23.933158,  -136.55812,  -112.62497 
  159250,   67.498379,   338.56045,   3495.7383,   21.528384,  -133.18751,  -111.65913 
  159500,    72.39454,   223.56821,   3585.7474,   23.089998,  -129.49526,  -106.40526 
  159750,   87.479875,   146.15023,   3536.5651,   27.901415,  -132.59431,   -104.6929 
  160000,    83.48975,  -79.301022,   3593.7828,   26.628778,  -132.86001,  -106.23124 
  160250,   75.867732,   118.17283,   3524.6176,   24.197761,  -133.09291,  -108.89515 
  160500,   75.106034,  -65.668302,   3506.3024,    23.95482,  -135.76934,  -111.81452 
  160750,   75.064372,  -11.745664,   3467.1112,   23.941532,  -137.29014,  -113.34861 
  161000,   69.947739,  -222.18884,    3460.128,   22.309599,  -138.41263,  -116.10303 
  161250,   66.746911,   76.031937,   3398.7582,   21.288705,  -139.79177,  -118.50307 
  161500,   65.894918,   49.590603,   3413.1135,   21.016965,  -138.18004,  -117.16307 
  161750,   71.348085,   485.21968,   3420.1874,   22.756234,  -135.10879,  -112.35256 
  162000,    78.02707,   111.39315,   3475.1065,   24.886474,   -135.5002,  -110.61372 
  162250,    81.94492,  -17.294318,   3506.1698,    26.13606,  -135.21846,   -109.0824 
  162500,   71.305732,  -276.10877,    3642.169,   22.742726,  -130.52068,  -107.77796 
  162750,   80.654391,  -200.00777,   3664.7716,    25.72445,  -129.67778,  -103.95334 
  163000,   89.288372,   171.23688,   3585.8163,   28.478229,  -130.17967,  -101.70145 
  163250,   82.784031,   247.33361,   3515.6161,   26.403691,  -132.95621,  -106.55252 
  163500,   67.448088,  -183.90505,   3574.5437,   21.512343,  -132.23464,   -110.7223 
  163750,   72.422152,   8.4232075,    3570.481,   23.098805,  -132.15792,  -109.05911 
  164000,   76.246377,   378.95987,   3552.4253,   24.318529,  -130.09705,  -105.77852 
  164250,   81.338343,   280.61146,   3574.9945,   25.942594,   -129.9955,   -104.0529 
  164500,   90.824504,   354.72003,   3578.6375,   28.968173,  -129.65669,  -100.68851 
  164750,    91.81078,   597.21421,   3552.6609,   29.282743,   -129.3859,  -100.10315 
  165000,    72.80044,   567.07535,   3552.3213,   23.219458,  -128.33482,  -105.11536 
  165250,     78.4254,   173.31566,   3602.3909,    25.01352,  -129.70218,  -104.68866 
  165500,   72.560056,  -304.73381,   3695.4506,   23.142789,  -128.32092,  -105.17813 
  165750,   76.547597,   209.98972,   3595.3678,   24.414602,  -128.80404,  -104.38944 
  166000,   80.781795,  -244.58188,   3655.7504,   25.765085,  -130.67124,  -104.90616 
  166250,   84.125676,   124.33259,    3486.113,   26.831605,  -135.67515,  -108.84355 
  166500,   78.529158,   580.29428,   3366.5855,   25.046614,  -137.32062,  -112.27401 
  166750,   76.704064,   318.96982,    3403.785,   24.464506,  -137.41629,  -112.95178 
  167000,   71.026361,   424.97112,   3497.4051,   22.653622,  -132.11337,  -109.45974 
  167250,   69.659048,   16.691849,   3640.8709,   22.217522,  -128.50217,  -106.28464 
  167500,   75.700409,   456.08443,   3572.2468,   24.144394,  -128.11869,  -103.97429 
  167750,   81.946373,   575.08409,   3527.1295,   26.136523,  -129.55041,  -103.41389 
  168000,   84.862837,   281.34033,   3522.2374,    27.06672,  -132.40857,  -105.34185 
  168250,   81.417699,   811.01408,   3370.1746,   25.967904,  -136.27866,  -110.31075 
  168500,    68.22995,   62.709415,   3524.9418,   21.761716,  -134.32164,  -112.55993 
  168750,    76.24288,   260.98236,    3464.292,   24.317413,  -134.90696,  -110.58954 
  169000,   83.650971,   431.51871,    3443.718,   26.680199,  -134.80741,  -108.12721 
  169250,   85.550401,   203.70079,   3484.9375,   27.286016,  -134.61545,  -107.32943 
  169500,   76.321127,  -164.63796,   3555.9068,    24.34237,  -134.08679,  -109.74442 
  169750,   68.491981,   -104.6288,   3468.5769,   21.845289,  -137.08487,  -115.23958 
  170000,    74.36909,  -242.75864,    3458.418,   23.719774,  -139.11893,  -115.39915 
  170250,   76.767456,   52.075636,   3445.7263,   24.484725,  -138.09459,  -113.60987 
  170500,     83.5053,   263.32018,   3417.0954,   26.633738,  -137.34501,  -110.71127 
  170750,   83.609175,   79.500643,   3513.3057,   26.666868,  -134.46865,  -107.80179 
  171000,   78.909551,   503.63039,    3490.244,   25.167939,    -131.889,  -106.72106 
  171250,   93.226295,   304.27907,   3454.1646,   29.734217,  -135.62635,  -105.89214 
  171500,   75.201063,   135.20406,   3549.2467,   23.985129,  -131.45449,  -107.46936 
  171750,   70.647783,   621.38133,   3412.5837,   22.532876,  -133.73175,  -111.19887 
  172000,   68.302785,  -73.641224,   3478.4002,   21.784946,  -136.92894,  -115.14399 
  172250,   70.251004,  -112.05777,   3540.1217,   22.406324,  -135.31823,   -112.9119 
  172500,   78.285668,   28.428704,   3536.8457,   24.968953,  -133.90754,  -108.93858 
  172750,   88.173377,   360.76966,   3445.2603,   28.122605,  -134.99822,  -106.87562 
  173000,    74.21484,   336.73672,   3519.6139,   23.670576,  -131.68815,  -108.01758 
  173250,   75.967412,  -14.526301,   3551.8477,   24.229554,  -132.30833,  -108.07877 
  173500,   94.797405,  -109.04161,   3548.4185,   30.235317,  -134.11945,  -103.88413 
  173750,   68.593777,    169.0788,   3691.4798,   21.877757,  -124.48235,  -102.60459 
  174000,   89.370194,   235.90558,   3557.2879,   28.504326,  -130.64534,  -102.14101 
  174250,   75.903026,    441.2384,   3498.8535,   24.209018,  -131.63385,  -107.42484 
  174500,   70.247256,    79.80072,   3603.3185,   22.405129,  -130.44828,  -108.04315 
  174750,   81.069947,   -159.0939,    3630.782,    25.85699,  -131.51828,  -105.66129 
  175000,   75.428358,   137.96527,   3619.9012,   24.057624,  -128.15581,  -104.09819 
  175250,   69.959882,  -244.04275,   3717.0417,   22.313472,  -127.86205,  -105.54858 
  175500,   66.564937,   112.47642,   3540.5179,   21.230665,  -131.66422,  -110.43356 
  175750,   72.330248,   133.41664,   3453.2533,   23.069492,  -136.53529,   -113.4658 
  176000,   74.709661,    147.7631,   3471.7483,   23.828398,  -136.34367,  -112.51527 
  176250,   83.154378,   91.689876,   3501.4824,   26.521812,  -134.79679,  -108.27498 
  176500,   65.740974,   275.74789,   3581.6402,   20.967865,  -127.95418,  -106.98631 
  176750,    78.13199,   234.36973,   3583.7057,   24.919938,  -129.62301,  -104.70307 
  177000,    80.59108,   400.25783,   3611.3053,   25.704257,  -128.17917,  -102.47492 
  177250,   92.721287,   299.46646,   3581.1804,   29.573146,  -129.56881,   -99.99566 
  177500,   97.169113,   299.61964,   3587.7891,   30.991765,  -129.62362,  -98.631851 
  177750,   84.595073,   56.404704,   3585.0413,   26.981317,  -130.83486,  -103.85354 
  178000,   68.358263,   43.298582,   3601.2835,   21.802641,  -129.07602,  -107.27338 
  178250,   83.674073,   7.2957702,   3498.9373,   26.687567,  -134.76711,  -108.07955 
  178500,   77.642966,   294.83342,   3460.4674,   24.763966,  -135.18467,   -110.4207 
  178750,   66.449521,   145.79686,   3477.3649,   21.193854,  -134.58379,  -113.38994 
  179000,   81.277893,   256.28989,   3374.5324,   25.923314,  -139.57827,  -113.65495 
  179250,    76.15532,  -2.1254754,   3504.4442,   24.289486,  -134.49479,  -110.20531 
  179500,   72.647017,  -149.03994,   3636.5949,   23.170525,  -129.17557,  -106.00505 
  179750,   73.000955,   223.90014,   3616.9594,   23.283412,  -127.50586,  -104.22245 
  180000,   85.970234,   11.162883,   3574.4717,    27.41992,  -131.49803,  -104.07811 
  180250,   88.471293,   634.07297,   3420.3161,   28.217625,  -134.65637,  -106.43875 
  180500,   76.476224,   546.20299,   3415.2577,   24.391837,  -135.21196,  -110.82012 
  180750,   69.185461,   315.90515,   3470.3103,   22.066473,  -133.60246,  -111.53599 
  181000,   87.585284,   308.84234,   3412.6365,   27.935035,  -137.57402,  -109.63898 
  181250,   72.386503,   749.24944,     3421.32,   23.087435,  -133.16497,  -110.07754 
  181500,   74.498189,   605.78641,   3378.5178,    23.76095,  -136.72491,  -112.96396 
  181750,   77.342974,   184.34782,   3362.7669,   24.668284,  -140.54596,  -115.87768 
  182000,   65.895631,  -24.392011,   3448.8212,   21.017193,  -137.74584,  -116.72864 
  182250,      74.403,   59.683364,   3481.7426,   23.730589,  -136.09841,  -112.36782 
  182500,   72.086465,  -134.70135,   3581.2209,   22.991738,  -132.78644,   -109.7947 
  182750,   73.131564,   183.31704,   3571.4747,   23.325069,  -129.60138,  -106.27631 
  183000,   75.803373,   4.7686621,    3645.212,   24.177234,  -127.94069,  -103.76346 
  183250,   74.894426,  -11.530819,   3686.7654,   23.887328,   -126.6177,  -102.73038 
  183500,   80.479676,   127.79327,    3570.363,   25.668725,  -129.53612,   -103.8674 
  183750,   73.100954,  -177.92096,   3568.9517,   23.315306,  -133.15932,  -109.84401 
  184000,   70.025774,  -355.74359,   3591.4152,   22.334488,  -133.64546,  -111.31098 
  184250,   71.386323,  -294.06941,   3592.8393,    22.76843,  -133.62907,  -110.86064 
  184500,   75.814301,  -131.40928,   3598.8936,   24.180719,  -131.36223,  -107.18151 
  184750,   82.137657,   108.58344,   3573.3533,   26.197533,  -130.51576,  -104.31823 
  185000,    71.68984,  -49.953677,   3661.7517,   22.865236,  -128.29232,  -105.42708 
  185250,    82.76323,  -26.589553,   3592.3871,   26.397057,  -131.74152,  -105.34447 
  185500,   73.996608,    13.43062,   3594.4841,   23.600972,  -130.58515,  -106.98418 
  185750,   78.245533,   93.149191,   3473.8587,   24.956152,  -136.09144,  -111.13529 
  186000,   70.126622,    211.7224,   3426.1995,   22.366653,  -137.13761,  -114.77096 
  186250,    68.46892,  -182.96287,   3513.1427,   21.837934,  -135.35631,  -113.51838 
  186500,   70.448401,   -206.4566,   3568.6056,   22.469283,   -133.0556,  -110.58631 
  186750,   81.634868,   141.30816,   3504.3767,    26.03717,  -133.99045,  -107.95328 
  187000,   79.549259,  -329.81532,   3593.1154,   25.371972,  -133.70795,  -108.33597 
  187250,   68.373449,  -40.318544,   3590.4356,   21.807484,  -130.87509,  -109.06761 
  187500,   86.928081,   157.44665,   3466.6286,   27.725422,  -135.82603,  -108.10061 
  187750,   81.935517,   640.65567,   3382.5152,   26.133061,  -135.69956,   -109.5665 
  188000,   76.222447,   268.29515,   3421.8054,   24.310896,  -137.20877,  -112.89788 
  188250,   67.891363,   465.63799,   3467.6569,   21.653725,  -134.05299,  -112.39926 
  188500,   84.181073,  -212.02521,   3605.0792,   26.849274,  -132.21383,  -105.36456 
  188750,   75.489795,   128.22998,   3591.0147,   24.077219,  -129.44203,  -105.36481 
  189000,   76.629774,   163.15928,   3527.5905,   24.440812,  -132.61664,  -108.17583 
  189250,   77.302439,   29.205764,   3491.8825,   24.655356,  -136.13704,  -111.48169 
  189500,   78.205747,   8.4836996,   3458.6848,   24.943463,  -137.52937,  -112.58591 
  189750,   73.904563,   105.94656,   3505.3372,   23.571615,  -133.98489,  -110.41328 
  190000,   80.170251,  -36.290125,   3587.9295,   25.570035,  -131.41227,  -105.84223 
  190250,   80.442726, -0.59333168,   3613.8294,    25.65694,  -131.04032,  -105.38338 
  190500,   82.606801,  -278.82746,   3597.8846,   26.347165,  -132.38089,  -106.03372 
  190750,   78.305709,  -285.37698,    3570.501,   24.975346,   -134.1064,  -109.13105 
  191000,   67.222784,  -496.74229,   3590.1801,   21.440484,  -134.58923,  -113.14875 
  191250,   72.280491,  -390.48443,   3584.0623,   23.053622,  -134.74106,  -111.68744 
  191500,   76.686859,   -244.9874,   3562.4559,   24.459019,  -134.15877,  -109.69975 
  191750,   71.353745,  -86.723282,   3565.6821,    22.75804,  -132.13549,  -109.37745 
  192000,   79.292945,  -19.113246,   3565.5445,   25.290221,  -133.49901,  -108.20879 
  192250,   87.013264,    37.86334,   3613.2425,   27.752591,  -131.14949,   -103.3969 
  192500,   84.272963,  -107.97368,   3658.4177,   26.878581,  -128.26304,  -101.38446 
  192750,   70.922917,  -185.55756,   3724.3045,   22.620629,  -125.45856,  -102.83793 
  193000,   71.294037,  -47.283611,   3620.0855,   22.738996,  -128.90256,  -106.16356 
  193250,   76.846519,  -37.234895,   3547.2501,   24.509942,  -133.32193,  -108.81199 
  193500,   70.021863,  -153.34335,    3591.885,    22.33324,  -131.66696,  -109.33372 
  193750,   80.538922,   6.6664583,   3527.8245,   25.687621,  -133.63721,  -107.94958 
  194000,   72.529978,    63.71733,   3597.6797,   23.133195,  -130.18523,  -107.05203 
  194250,   86.399243,   388.11189,   3507.9241,   27.556751,  -131.32654,  -103.76978 
  194500,   71.385203,   153.75235,   3649.6619,   22.768073,  -126.41872,  -103.65064 
  194750,   81.420867,   546.93968,   3544.7329,   25.968915,  -127.96545,  -101.99654 
  195000,   81.357484,   102.77985,   3667.6319,   25.948699,  -127.88791,  -101.93921 
  195250,   68.136431,   81.560507,   3724.9641,   21.731888,  -125.92541,  -104.19352 
  195500,   75.683924,   206.85217,   3582.9046,   24.139136,  -130.81108,  -106.67194 
  195750,   75.259045,   409.16636,   3520.1159,   24.003622,  -131.59451,  -107.59089 
  196000,   81.317458,   380.24593,   3494.0035,   25.935933,  -133.10137,  -107.16544 
  196250,   77.257081,   291.01673,   3553.2777,   24.640889,  -130.62393,  -105.98304 
  196500,    79.03539,   704.75733,   3524.3836,   25.208075,  -128.37143,  -103.16336 
  196750,   82.812023,   432.35708,   3629.2307,    26.41262,  -126.88082,   -100.4682 
  197000,   91.496875,   204.30294,   3638.7324,   29.182624,  -128.19693,  -99.014308 
  197250,   73.589356,   605.33116,   3549.5394,    23.47108,  -127.87093,  -104.39985 
  197500,   78.237998,  -216.07654,   3623.8721,   24.953749,    -131.604,  -106.65025 
  197750,   77.870547,  -292.08397,   3638.2033,   24.836552,  -131.44326,  -106.60671 
  198000,   75.883869,   75.835952,   3564.5082,   24.202908,  -130.29427,  -106.09136 
  198250,   81.131431,   691.98572,   3448.8194,     25.8766,  -131.96171,  -106.08511 
  198500,   76.141828,   224.60968,   3506.6462,   24.285183,   -133.2326,  -108.94741 
  198750,   74.264849,   227.89317,   3465.7308,   23.686527,  -135.08631,  -111.39978 
  199000,   76.299733,  -270.58641,   3506.0064,   24.335546,  -137.67341,  -113.33787 
  199250,   66.610089,  -164.96984,   3534.9167,   21.245067,  -134.07759,  -112.83253 
  199500,   79.492039,  -154.28811,   3575.8191,   25.353722,  -133.52435,  -108.17063 
  199750,   77.490098,   128.46048,   3574.4887,   24.715209,  -130.49698,  -105.78177 
  200000,   75.517306,   223.27134,    3581.008,   24.085994,  -129.44007,  -105.35407 
  200250,    84.10017,   253.01381,   3487.7611,    26.82347,  -133.62695,  -106.80348 
  200500,   83.478283,   415.62116,   3397.3783,   26.625121,  -137.70377,  -111.07865 
  200750,   79.471018,   218.33068,   3440.0772,   25.347017,  -137.76983,  -112.42281 
  201000,   89.266726,   428.86759,   3374.1218,   28.471326,  -139.05061,  -110.57928 
  201250,   77.087886,  -107.05379,   3580.2654,   24.586925,  -132.46975,  -107.88283 
  201500,   82.777253,  -392.19529,   3717.7875,    26.40153,  -128.55628,  -102.15476 
  201750,    85.78338,  -164.40367,   3635.9109,   27.360324,  -130.06354,  -102.70322 
  202000,   69.380699,  -68.356928,   3617.5582,   22.128743,  -129.75596,  -107.62722 
  202250,   84.300044,    398.1319,   3431.5022,   26.887219,  -135.99129,  -109.10407 
  202500,   69.666562,   65.404816,    3521.451,   22.219918,  -133.84271,  -111.62279 
  202750,   77.976316,   297.93525,   3438.8747,   24.870287,  -136.05624,  -111.18596 
  203000,   88.702051,   364.30145,   3451.2237,   28.291224,  -134.71105,  -106.41982 
  203250,   78.655823,   139.83433,   3600.4149,   25.087013,  -128.87889,  -103.79188 
  203500,   81.678826,   41.717296,   3584.0357,    26.05119,  -130.22695,  -104.17576 
  203750,   78.312107,  -29.876098,   3539.4841,   24.977386,  -132.90147,  -107.92409 
  204000,   66.948207,   82.677521,   3547.2838,   21.352908,  -131.82812,  -110.47521 
  204250,   66.950512,   227.71684,   3535.6825,   21.353643,  -130.87926,  -109.52562 
  204500,   78.842906,    104.1692,   3534.9684,   25.146683,  -132.73935,  -107.59266 
  204750,    77.67633,   250.80535,   3506.2816,   24.774607,  -131.61561,    -106.841 
  205000,   93.185236,   127.44147,   3480.5125,   29.721121,  -136.37583,  -106.65471 
  205250,   68.858608,   155.97502,   3526.6503,   21.962224,  -132.79157,  -110.82934 
  205500,   70.874555,  -193.46203,   3494.9394,   22.605204,  -136.54534,  -113.94014 
  205750,   69.848883,   -110.7201,   3514.1569,   22.278069,  -134.81364,  -112.53557 
  206000,   73.542041,   95.324097,   3510.1475,   23.455989,   -133.3735,  -109.91751 
  206250,     72.1221,  -216.73452,   3630.4455,   23.003104,  -130.76805,  -107.76495 
  206500,   73.457612,   143.30959,   3613.3855,   23.429061,    -128.699,  -105.26994 
  206750,   77.133012,    151.3357,   3612.3084,   24.601318,  -129.20582,   -104.6045 
  207000,   77.669875,   308.18718,    3570.878,   24.772548,  -128.53394,  -103.76139 
  207250,   74.727298,  -32.546315,   3668.3054,   23.834023,  -128.02966,  -104.19564 
  207500,   71.831016,   600.43388,   3502.9184,   22.910264,  -130.51367,   -107.6034 
  207750,   74.071482,   49.311934,   3538.8051,   23.624853,  -133.52345,   -109.8986 
  208000,   71.823351,  -299.02372,   3571.5862,   22.907819,  -134.18531,   -111.2775 
  208250,   72.652267,   214.26132,   3456.0947,   23.172199,  -134.70886,  -111.53666 
  208500,   70.449339,   247.94068,   3503.0846,   22.469583,  -133.12307,  -110.65349 
  208750,   67.623905,  -123.69284,   3648.4699,    21.56842,   -128.2423,  -106.67388 
  209000,   87.737241,  -311.52898,   3617.5371,   27.983501,  -132.09565,  -104.11214 
  209250,   84.333793,  -90.276346,   3558.9742,   26.897983,   -133.0257,  -106.12772 
  209500,   68.408977,  -49.486546,   3595.9193,   21.818816,  -131.26387,  -109.44505 
  209750,   70.028893,  -128.51773,   3571.6398,   22.335483,  -132.32922,  -109.99373 
  210000,   82.366664,  -62.676997,   3478.1072,   26.270574,   -136.8177,  -110.54713 
  210250,   75.879327,     73.5185,   3497.1444,   24.201459,  -134.37164,  -110.17018 
  210500,   68.481114,   132.54491,   3546.5398,   21.841824,   -130.9385,  -109.09667 
  210750,   82.814099,   228.67179,   3485.1426,   26.413282,  -134.68981,  -108.27653 
  211000,   80.797282,   549.02067,     3428.47,   25.770025,  -134.79049,  -109.02047 
  211250,   78.359934,   776.08004,   3407.2267,    24.99264,  -134.14136,  -109.14872 
  211500,    82.14773,     303.099,   3503.1759,   26.200745,  -132.86168,  -106.66094 
  211750,   82.609835,  -71.082709,   3651.9788,   26.348132,  -128.97431,  -102.62618 
  212000,   92.242991,  -15.794512,   3610.1678,   29.420595,  -130.78776,  -101.36716 
  212250,   80.311797,    314.1832,   3518.1938,   25.615181,  -131.72702,  -106.11184 
  212500,   82.017197,  -120.25932,   3541.8879,   26.159112,  -134.06282,  -107.90371 
  212750,   77.244361,  -152.45028,   3522.7705,   24.636832,  -135.14978,  -110.51295 
  213000,   74.854224,   236.44735,   3450.0191,   23.874506,   -136.0854,  -112.21089 
  213250,   83.204138,   77.541689,   3489.7322,   26.537683,  -135.92854,  -109.39086 
  213500,   81.519033,   53.335005,   3597.0429,   26.000225,  -131.11801,  -105.11778 
  213750,   88.009094,   203.97749,   3512.0156,   28.070208,  -133.06095,  -104.99074 
  214000,   73.641539,   281.98327,   3573.6544,   23.487724,  -129.88082,  -106.39309 
  214250,   80.346974,   1.3329775,   3591.6667,     25.6264,  -131.51205,  -105.88565 
  214500,   75.446281,  -122.38411,   3617.8132,    24.06334,  -129.71892,  -105.65558 
  214750,    77.94172,  -295.19853,   3683.8024,   24.859253,   -129.2983,  -104.43904 
  215000,   86.602823,  -265.73118,   3693.6361,   27.621683,  -128.27364,  -100.65195 
  215250,   86.904189,   122.17062,   3665.2967,   27.717802,  -126.91886,  -99.201056 
  215500,   83.227799,   5.9509905,    3587.234,    26.54523,  -131.50986,  -104.96463 
  215750,   76.175715,   405.61219,   3487.4208,   24.295991,  -132.68913,  -108.39314 
  216000,   77.499108,   296.45889,   3452.4257,   24.718083,  -134.79652,  -110.07844 
  216250,   76.268189,   139.39552,   3454.6835,   24.325485,  -136.00035,  -111.67487 
  216500,   75.299353,  -101.29312,   3474.8396,   24.016478,  -137.02513,  -113.00865 
  216750,   74.026659,   123.05422,   3480.7121,   23.610557,  -134.90083,  -111.29027 
  217000,   77.831612,  -153.66403,   3610.2233,   24.824134,  -131.66729,  -106.84316 
  217250,   70.475922,  -104.16876,   3689.8254,   22.478061,  -127.01263,  -104.53457 
  217500,   86.480892,  -41.397877,   3585.2709,   27.582793,  -131.99417,  -104.41137 
  217750,   76.053197,  -27.474739,   3557.8049,   24.256914,  -132.10359,  -107.84667 
  218000,   78.723612,  -298.33607,   3536.9484,   25.108634,  -136.49867,  -111.39004 
  218250,   73.478268,   -108.4714,   3498.2749,   23.435649,  -135.90303,  -112.46738 
  218500,   82.799371,  -226.87487,   3610.3913,   26.408584,  -132.61134,  -106.20275 
  218750,   79.560408,   4.3016638,   3627.3077,   25.375528,   -128.7245,  -103.34898 
  219000,   75.701518,    180.4212,   3591.1222,   24.144748,  -129.87121,  -105.72646 
  219250,   73.989782,   259.91424,    3522.592,   23.598795,  -131.65261,  -108.05382 
  219500,    71.27002,  -20.039363,   3625.3941,   22.731336,  -129.82421,  -107.09288 
  219750,   79.757759,   183.68919,   3635.9811,   25.438472,   -127.9296,  -102.49113 
  220000,   82.383509,   44.033363,   3612.4049,   26.275946,  -129.08549,  -102.80954 
  220250,   73.944602,   228.73692,   3572.4307,   23.584385,  -129.32508,  -105.74069 
  220500,   78.358635,  -6.3112894,   3538.8999,   24.992226,  -132.96814,  -107.97592 
  220750,   78.346433,   -162.4034,   3557.6204,   24.988334,  -134.96747,  -109.97914 
  221000,   76.701319,   336.93392,   3450.9532,   24.463631,  -134.39786,  -109.93423 
  221250,   75.609966,   118.04645,    3498.969,   24.115547,  -134.30842,  -110.19287 
  221500,   65.910865,  -37.501836,   3488.1073,   21.022051,  -135.52515,  -114.50309 
  221750,   61.525525,  -198.85442,   3485.8323,   19.623362,  -135.93535,  -116.31199 
  222000,   69.026623,  -113.59456,    3497.112,   22.015812,  -135.98833,  -113.97252 
  222250,    80.52656,   179.78655,   3460.8682,   25.683679,  -135.58928,  -109.90561 
  222500,   80.417349,  -37.784191,   3537.7014,   25.648846,  -133.72946,  -108.08062 
  222750,   75.838238,   -45.77318,   3592.8369,   24.188354,  -132.18785,   -107.9995 
  223000,    79.83117,   370.00641,   3441.4538,   25.461886,  -135.42818,   -109.9663 
  223250,   66.840195,   403.95945,   3414.0944,   21.318458,  -136.07385,  -114.75539 
  223500,   77.157436,   99.850728,   3408.4236,   24.609108,  -139.69354,  -115.08444 
  223750,   69.215583,  -17.198861,   3489.9781,    22.07608,   -135.4031,  -113.32702 
  224000,   78.870614,  -124.56902,   3511.3548,    25.15552,  -135.24102,   -110.0855 
  224250,   79.790798,  -61.841474,   3513.1626,    25.44901,  -134.48048,  -109.03147 
  224500,   84.535866,   121.20915,    3486.068,   26.962433,  -135.34045,  -108.37802 
  224750,   73.818119,   446.76899,   3468.1677,   23.544044,  -133.74807,  -110.20403 
  225000,   80.430305,   419.90142,    3349.868,   25.652978,  -140.94979,  -115.29681 
  225250,   69.157933,   553.22132,   3365.4979,   22.057693,   -137.8243,  -115.76661 
  225500,   77.752948,  -68.039977,   3437.8336,   24.799044,  -138.42736,  -113.62832 
  225750,   72.058367,   -29.55697,   3518.0209,   22.982777,  -134.02606,  -111.04328 
  226000,   79.263507,   193.87062,   3469.1864,   25.280832,  -135.05961,  -109.77877 
  226250,   78.835803,   227.33608,   3455.9712,   25.144417,  -135.20211,  -110.05769 
  226500,   77.859322,  -142.40819,   3500.2009,   24.832972,  -135.43839,  -110.60542 
  226750,   80.297014,   36.200733,   3474.8651,   25.610466,  -136.57105,  -110.96059 
  227000,    70.99736,  -219.22174,   3504.8176,   22.644372,  -136.53379,  -113.88941 
  227250,   68.365847,   191.53162,   3417.9971,   21.805059,  -137.85109,  -116.04603 
  227500,   72.432602,   95.904425,   3392.8004,   23.102138,  -139.76781,  -116.66567 
  227750,    77.41683,  -37.649852,   3468.2492,   24.691841,  -137.23725,  -112.54541 
  228000,   68.130107,  -79.577216,   3577.7278,   21.729871,  -130.97672,  -109.24685 
  228250,   80.620746,  -16.993733,   3554.6953,   25.713719,  -133.05152,   -107.3378 
  228500,   82.121986,   154.88315,   3535.1396,   26.192534,  -133.07204,   -106.8795 
  228750,   73.203058,   281.72333,   3541.9344,   23.347872,  -130.91862,  -107.57075 
  229000,   75.820579,  -338.24831,   3591.6172,   24.182722,  -134.29597,  -110.11325 
  229250,   75.129027,   21.672441,   3480.4658,   23.962153,  -136.60246,   -112.6403 
  229500,   76.385038,  -125.56444,   3486.6804,   24.362754,  -137.63882,  -113.27606 
  229750,   84.452427,  -175.92838,   3521.5089,   26.935821,  -135.62621,  -108.69039 
  230000,   78.537841,   118.00854,   3558.4874,   25.049383,  -131.06927,  -106.01989 
  230250,   73.362003,   216.41311,    3580.085,   23.398567,   -129.2265,  -105.82794 
  230500,   80.153907,  -257.44651,   3654.3207,   25.564822,  -131.15073,   -105.5859 
  230750,   81.105937,   213.66755,   3570.6605,   25.868469,  -130.33967,  -104.47121 
  231000,   78.894602,  -212.71446,   3621.6052,   25.163171,  -131.35185,  -106.18868 
  231250,   81.298891,  -58.435179,   3532.9298,   25.930011,  -135.25207,  -109.32205 
  231500,    78.96003,   50.464121,   3488.2236,   25.184039,  -135.42051,  -110.23647 
  231750,   85.474346,   196.29864,   3486.3879,   27.261758,  -134.35639,  -107.09463 
  232000,   81.563924,   381.62764,   3547.2064,   26.014542,  -130.06772,  -104.05318 
  232250,    81.57487,   158.52924,   3587.0019,   26.018034,  -130.32724,  -104.30921 
  232500,   78.655688,   113.03787,   3538.7619,    25.08697,  -132.29911,  -107.21214 
  232750,   82.130083,    181.2404,   3458.1346,   26.195117,  -136.80842,   -110.6133 
  233000,   76.565916,   604.71698,   3361.4417,   24.420444,   -137.1994,  -112.77895 
  233250,   78.313837,   797.99758,    3320.735,   24.977938,  -138.00921,  -113.03127 
  233500,   83.411039,   402.56151,   3405.6285,   26.603673,  -136.96201,  -110.35834 
  233750,   86.253275,   256.56041,   3478.7159,   27.510195,  -134.15308,  -106.64288 
  234000,   82.429775,   105.38411,   3519.0148,   26.290703,  -132.84774,  -106.55704 
  234250,   71.224477,  -54.166539,   3613.9538,    22.71681,  -129.74534,  -107.02853 
  234500,   74.595912,   29.575643,   3588.4513,   23.792118,  -132.13938,  -108.34726 
  234750,   77.370729,   19.057231,   3465.5642,   24.677137,  -136.61726,  -111.94013 
  235000,   79.133582,   404.88001,   3412.5056,   25.239393,  -136.97882,  -111.73943 
  235250,   81.212363,    388.6662,   3476.1316,   25.902413,  -134.36117,  -108.45875 
  235500,   82.533148,   884.42244,   3426.8264,   26.323673,  -131.52126,  -105.19759 
  235750,   81.802375,   220.52379,   3556.2974,   26.090596,  -130.54576,  -104.45516 
  236000,   80.225069,  -74.537857,   3630.0303,   25.587519,  -130.39804,  -104.81052 
  236250,   76.031813,  -85.469493,   3571.9002,   24.250094,  -132.27322,  -108.02312 
  236500,   75.328398,   -23.20369,   3479.6428,   24.025742,  -137.17053,  -113.14479 
  236750,   79.426084,   198.23347,   3438.3559,   25.332686,  -137.39758,   -112.0649 
  237000,   83.284978,   95.705252,   3476.9516,   26.563467,  -135.72201,  -109.15854 
  237250,   76.534628,    79.32532,   3546.1913,   24.410465,  -132.06078,  -107.65031 
  237500,   89.918485,   258.50235,   3471.2937,   28.679202,  -135.10621,  -106.42701 
  237750,   73.485947,     577.873,   3452.4901,   23.438098,  -132.26049,  -108.82239 
  238000,   74.058535,   88.646989,   3434.7916,   23.620724,  -138.69409,  -115.07336 
  238250,   78.050873,   62.906798,   3420.2424,   24.894067,  -139.47399,  -114.57992 
  238500,   77.023604,   112.81881,    3472.896,   24.566422,  -135.92188,  -111.35546 
  238750,   71.521322,  -197.60308,    3609.562,   22.811488,  -131.51938,   -108.7079 
  239000,   71.972129,   207.21382,   3565.5715,   22.955271,  -130.19385,  -107.23857 
  239250,   85.374252,  -37.255128,    3538.626,   27.229834,  -134.00405,  -106.77422 
  239500,   73.814329,   140.24308,   3497.9892,   23.542835,  -134.02071,  -110.47787 
  239750,    66.71106,  -9.1944356,   3488.4966,   21.277271,  -134.94797,   -113.6707 
  240000,   83.812793,  -160.17357,   3464.6693,   26.731812,   -139.1429,  -112.41109 
  240250,   81.199684,   354.34551,   3410.4942,   25.898369,  -136.03178,  -110.13341 
  240500,     84.4562,   248.47973,   3443.6272,   26.937024,  -136.20257,  -109.26555 
  240750,   76.223744,   195.67971,    3498.858,    24.31131,  -133.39967,  -109.08836 
  241000,   77.624205,   157.10686,   3531.5356,   24.757982,   -131.8691,  -107.11112 
  241250,   81.637072,   167.78746,   3545.8743,   26.037873,  -131.30806,  -105.27019 
  241500,   75.302324,  -5.2730344,   3675.9277,   24.017426,  -127.92693,  -103.90951 
  241750,   86.552475,   10.626421,   3664.2545,   27.605624,  -127.88768,  -100.28206 
  242000,   77.466091,  0.34907928,    3752.233,   24.707552,  -124.90899,  -100.20144 
  242250,   78.025865,  -425.56966,   3729.8643,    24.88609,  -129.39802,  -104.51193 
  242500,   82.105001,  -303.69213,    3613.193,   26.187117,  -132.66932,   -106.4822 
  242750,   70.799089,   282.23369,   3580.0562,   22.581134,  -129.21165,  -106.63052 
  243000,   88.109331,   211.90299,   3531.8157,   28.102178,  -132.72085,  -104.61867 
  243250,   82.070487,  -217.10124,   3658.3308,   26.176109,  -130.65598,  -104.47987 
  243500,   64.818044,  -119.55741,   3654.2425,     20.6735,  -128.40384,  -107.73034 
  243750,   79.179799,   354.99101,   3456.3214,   25.254134,  -134.08644,   -108.8323 
  244000,   73.065936,   409.35945,   3437.1039,   23.304137,   -134.9271,  -111.62297 
  244250,   64.161754,   362.90197,   3441.5715,   20.464178,   -134.7415,  -114.27733 
  244500,   65.869096,   22.839443,   3447.8218,   21.008729,  -137.61036,  -116.60163 
  244750,   66.504522,  -46.026979,    3440.479,   21.211396,  -138.04762,  -116.83623 
  245000,   75.207257,  -21.843988,   3467.7197,   23.987105,  -135.96371,  -111.97661 
  245250,   75.965688,   259.56003,   3488.8015,   24.229004,  -133.21484,  -108.98583 
  245500,   70.246769,   316.18433,    3543.375,   22.404973,  -129.75298,    -107.348 
  245750,   84.474223,   18.850784,   3534.0358,   26.942773,  -133.62276,  -106.67999 
  246000,   74.576047,  -154.36446,   3540.5856,   23.785782,  -134.18276,  -110.39698 
  246250,   76.986954,  -294.81307,   3483.1192,   24.554733,  -138.56109,  -114.00635 
  246500,   71.586889,  -67.769317,   3481.5089,     22.8324,  -136.49288,  -113.66048 
  246750,    74.12296,   232.34195,   3476.7166,   23.641272,  -134.90515,  -111.26388 
  247000,   83.264394,   532.82585,   3408.6757,   26.556902,  -136.14884,  -109.59194 
  247250,   82.981034,   228.11373,   3461.3887,   26.466525,   -136.0157,  -109.54917 
  247500,    73.80461,   94.323143,   3512.9245,   23.539735,  -133.38096,  -109.84122 
  247750,   71.767755,   2.6713242,   3584.6301,   22.890087,  -131.48461,  -108.59453 
  248000,   79.096136,   177.18563,   3611.2104,    25.22745,  -128.65351,  -103.42606 
  248250,   78.811828,   284.42024,   3633.8649,   25.136771,  -126.68959,  -101.55282 
  248500,   85.229496,   32.035292,   3657.2077,   27.183664,  -128.98567,  -101.80201 
  248750,   74.422959,   374.14502,   3527.8766,   23.736955,   -130.2108,  -106.47385 
  249000,   77.407313,   159.64809,   3542.9831,   24.688805,  -132.98988,  -108.30107 
  249250,   85.379897,   38.278271,    3446.154,   27.231634,   -137.2819,  -110.05027 
  249500,   75.762973,   269.29806,   3439.7993,   24.164348,  -136.28711,  -112.12276 
  249750,   70.418404,   546.23869,   3455.1103,   22.459716,   -133.3123,  -110.85258 
  250000,   86.945391,   556.53198,   3430.1423,   27.730943,  -135.05601,  -107.32506 
